0 100 2e-07 2e-07
1e-05 100 2e-07 2e-07
2e-05 100 2e-07 2e-07
3e-05 100 2e-07 2e-07
4e-05 100 2e-07 2e-07
5e-05 100 2e-07 2e-07
6e-05 100 2e-07 2e-07
7e-05 100 2e-07 2e-07
8e-05 100 2e-07 2e-07
9e-05 100 2e-07 2e-07
0.0001 100 2e-07 2e-07
0.00011 100 2e-07 2e-07
0.00012 100 2e-07 2e-07
0.00013 100 2e-07 2e-07
0.00014 100 2e-07 2e-07
0.00015 100 2e-07 2e-07
0.00016 100 2e-07 2e-07
0.00017 100 2e-07 2e-07
0.00018 100 2e-07 2e-07
0.00019 100 2e-07 2e-07
0.0002 100 2e-07 2e-07
0.00021 100 2e-07 2e-07
0.00022 100 2e-07 2e-07
0.00023 100 2e-07 2e-07
0.00024 100 2e-07 2e-07
0.00025 100 2e-07 2e-07
0.00026 100 2e-07 2e-07
0.00027 100 2e-07 2e-07
0.00028 100 2e-07 2e-07
0.00029 100 2e-07 2e-07
0.0003 100 2e-07 2e-07
0.00031 100 2e-07 2e-07
0.00032 100 2e-07 2e-07
0.00033 100 2e-07 2e-07
0.00034 100 2e-07 2e-07
0.00035 100 2e-07 2e-07
0.00036 100 2e-07 2e-07
0.00037 100 2e-07 2e-07
0.00038 100 2e-07 2e-07
0.00039 100 2e-07 2e-07
0.0004 100 2e-07 2e-07
0.00041 100 2e-07 2e-07
0.00042 100 2e-07 2e-07
0.00043 100 2e-07 2e-07
0.00044 100 2e-07 2e-07
0.00045 100 2e-07 2e-07
0.00046 100 2e-07 2e-07
0.00047 100 2e-07 2e-07
0.00048 100 2e-07 2e-07
0.00049 100 2e-07 2e-07
0.0005 100 2e-07 2e-07
0.00051 100 2e-07 2e-07
0.00052 100 2e-07 2e-07
0.00053 100 2e-07 2e-07
0.00054 100 2e-07 2e-07
0.00055 100 2e-07 2e-07
0.00056 100 2e-07 2e-07
0.00057 100 2e-07 2e-07
0.00058 100 2e-07 2e-07
0.00059 100 2e-07 2e-07
0.0006 100 2e-07 2e-07
0.00061 100 2e-07 2e-07
0.00062 100 2e-07 2e-07
0.00063 100 2e-07 2e-07
0.00064 100 2e-07 2e-07
0.00065 100 2e-07 2e-07
0.00066 100 2e-07 2e-07
0.00067 100 2e-07 2e-07
0.00068 100 2e-07 2e-07
0.00069 100 2e-07 2e-07
0.0007 100 2e-07 2e-07
0.00071 100 2e-07 2e-07
0.00072 100 2e-07 2e-07
0.00073 100 2e-07 2e-07
0.00074 100 2e-07 2e-07
0.00075 100 2e-07 2e-07
0.00076 100 2e-07 2e-07
0.00077 100 2e-07 2e-07
0.00078 100 2e-07 2e-07
0.00079 100 2e-07 2e-07
0.0008 100 2e-07 2e-07
0.00081 100 2e-07 2e-07
0.00082 100 2e-07 2e-07
0.00083 100 2e-07 2e-07
0.00084 100 2e-07 2e-07
0.00085 100 2e-07 2e-07
0.00086 100 2e-07 2e-07
0.00087 100 2e-07 2e-07
0.00088 100 2e-07 2e-07
0.00089 100 2e-07 2e-07
0.0009 100 2e-07 2e-07
0.00091 100 2e-07 2e-07
0.00092 100 2e-07 2e-07
0.00093 100 2e-07 2e-07
0.00094 100 2e-07 2e-07
0.00095 100 2e-07 2e-07
0.00096 100 2e-07 2e-07
0.00097 100 2e-07 2e-07
0.00098 100 2e-07 2e-07
0.00099 100 2e-07 2e-07
0.001 100 2e-07 2e-07
0.00101 100 2e-07 2e-07
0.00102 100 2e-07 2e-07
0.00103 100 2e-07 2e-07
0.00104 100 2e-07 2e-07
0.00105 100 2e-07 2e-07
0.00106 100 2e-07 2e-07
0.00107 100 2e-07 2e-07
0.00108 100 2e-07 2e-07
0.00109 100 2e-07 2e-07
0.0011 100 2e-07 2e-07
0.00111 100 2e-07 2e-07
0.00112 100 2e-07 2e-07
0.00113 100 2e-07 2e-07
0.00114 100 2e-07 2e-07
0.00115 100 2e-07 2e-07
0.00116 100 2e-07 2e-07
0.00117 100 2e-07 2e-07
0.00118 100 2e-07 2e-07
0.00119 100 2e-07 2e-07
0.0012 100 2e-07 2e-07
0.00121 100 2e-07 2e-07
0.00122 100 2e-07 2e-07
0.00123 100 2e-07 2e-07
0.00124 100 2e-07 2e-07
0.00125 100 2e-07 2e-07
0.00126 100 2e-07 2e-07
0.00127 100 2e-07 2e-07
0.00128 100 2e-07 2e-07
0.00129 100 2e-07 2e-07
0.0013 100 2e-07 2e-07
0.00131 100 2e-07 2e-07
0.00132 100 2e-07 2e-07
0.00133 100 2e-07 2e-07
0.00134 100 2e-07 2e-07
0.00135 100 2e-07 2e-07
0.00136 100 2e-07 2e-07
0.00137 100 2e-07 2e-07
0.00138 100 2e-07 2e-07
0.00139 100 2e-07 2e-07
0.0014 100 2e-07 2e-07
0.00141 100 2e-07 2e-07
0.00142 100 2e-07 2e-07
0.00143 100 2e-07 2e-07
0.00144 100 2e-07 2e-07
0.00145 100 2e-07 2e-07
0.00146 100 2e-07 2e-07
0.00147 100 2e-07 2e-07
0.00148 100 2e-07 2e-07
0.00149 100 2e-07 2e-07
0.0015 100 2e-07 2e-07
0.00151 100 2e-07 2e-07
0.00152 100 2e-07 2e-07
0.00153 100 2e-07 2e-07
0.00154 100 2e-07 2e-07
0.00155 100 2e-07 2e-07
0.00156 100 2e-07 2e-07
0.00157 100 2e-07 2e-07
0.00158 100 2e-07 2e-07
0.00159 100 2e-07 2e-07
0.0016 100 2e-07 2e-07
0.00161 100 2e-07 2e-07
0.00162 100 2e-07 2e-07
0.00163 100 2e-07 2e-07
0.00164 100 2e-07 2e-07
0.00165 100 2e-07 2e-07
0.00166 100 2e-07 2e-07
0.00167 100 2e-07 2e-07
0.00168 100 2e-07 2e-07
0.00169 100 2e-07 2e-07
0.0017 100 2e-07 2e-07
0.00171 100 2e-07 2e-07
0.00172 100 2e-07 2e-07
0.00173 100 2e-07 2e-07
0.00174 100 2e-07 2e-07
0.00175 100 2e-07 2e-07
0.00176 100 2e-07 2e-07
0.00177 100 2e-07 2e-07
0.00178 100 2e-07 2e-07
0.00179 100 2e-07 2e-07
0.0018 100 2e-07 2e-07
0.00181 100 2e-07 2e-07
0.00182 100 2e-07 2e-07
0.00183 100 2e-07 2e-07
0.00184 100 2e-07 2e-07
0.00185 100 2e-07 2e-07
0.00186 100 2e-07 2e-07
0.00187 100 2e-07 2e-07
0.00188 100 2e-07 2e-07
0.00189 100 2e-07 2e-07
0.0019 100 2e-07 2e-07
0.00191 100 2e-07 2e-07
0.00192 100 2e-07 2e-07
0.00193 100 2e-07 2e-07
0.00194 100 2e-07 2e-07
0.00195 100 2e-07 2e-07
0.00196 100 2e-07 2e-07
0.00197 100 2e-07 2e-07
0.00198 100 2e-07 2e-07
0.00199 100 2e-07 2e-07
0.002 100 2e-07 2e-07
0.00201 100 2e-07 2e-07
0.00202 100 2e-07 2e-07
0.00203 100 2e-07 2e-07
0.00204 100 2e-07 2e-07
0.00205 100 2e-07 2e-07
0.00206 100 2e-07 2e-07
0.00207 100 2e-07 2e-07
0.00208 100 2e-07 2e-07
0.00209 100 2e-07 2e-07
0.0021 100 2e-07 2e-07
0.00211 100 2e-07 2e-07
0.00212 100 2e-07 2e-07
0.00213 100 2e-07 2e-07
0.00214 100 2e-07 2e-07
0.00215 100 2e-07 2e-07
0.00216 100 2e-07 2e-07
0.00217 100 2e-07 2e-07
0.00218 100 2e-07 2e-07
0.00219 100 2e-07 2e-07
0.0022 100 2e-07 2e-07
0.00221 100 2e-07 2e-07
0.00222 100 2e-07 2e-07
0.00223 100 2e-07 2e-07
0.00224 100 2e-07 2e-07
0.00225 100 2e-07 2e-07
0.00226 100 2e-07 2e-07
0.00227 100 2e-07 2e-07
0.00228 100 2e-07 2e-07
0.00229 100 2e-07 2e-07
0.0023 100 2e-07 2e-07
0.00231 100 2e-07 2e-07
0.00232 100 2e-07 2e-07
0.00233 100 2e-07 2e-07
0.00234 100 2e-07 2e-07
0.00235 100 2e-07 2e-07
0.00236 100 2e-07 2e-07
0.00237 100 2e-07 2e-07
0.00238 100 2e-07 2e-07
0.00239 100 2e-07 2e-07
0.0024 100 2e-07 2e-07
0.00241 100 2e-07 2e-07
0.00242 100 2e-07 2e-07
0.00243 100 2e-07 2e-07
0.00244 100 2e-07 2e-07
0.00245 100 2e-07 2e-07
0.00246 100 2e-07 2e-07
0.00247 100 2e-07 2e-07
0.00248 100 2e-07 2e-07
0.00249 100 2e-07 2e-07
0.0025 100 2e-07 2e-07
0.00251 100 2e-07 2e-07
0.00252 100 2e-07 2e-07
0.00253 100 2e-07 2e-07
0.00254 100 2e-07 2e-07
0.00255 100 2e-07 2e-07
0.00256 100 2e-07 2e-07
0.00257 100 2e-07 2e-07
0.00258 100 2e-07 2e-07
0.00259 100 2e-07 2e-07
0.0026 100 2e-07 2e-07
0.00261 100 2e-07 2e-07
0.00262 100 2e-07 2e-07
0.00263 100 2e-07 2e-07
0.00264 100 2e-07 2e-07
0.00265 100 2e-07 2e-07
0.00266 100 2e-07 2e-07
0.00267 100 2e-07 2e-07
0.00268 100 2e-07 2e-07
0.00269 100 2e-07 2e-07
0.0027 100 2e-07 2e-07
0.00271 100 2e-07 2e-07
0.00272 100 2e-07 2e-07
0.00273 100 2e-07 2e-07
0.00274 100 2e-07 2e-07
0.00275 100 2e-07 2e-07
0.00276 100 2e-07 2e-07
0.00277 100 2e-07 2e-07
0.00278 100 2e-07 2e-07
0.00279 100 2e-07 2e-07
0.0028 100 2e-07 2e-07
0.00281 100 2e-07 2e-07
0.00282 100 2e-07 2e-07
0.00283 100 2e-07 2e-07
0.00284 100 2e-07 2e-07
0.00285 100 2e-07 2e-07
0.00286 100 2e-07 2e-07
0.00287 100 2e-07 2e-07
0.00288 100 2e-07 2e-07
0.00289 100 2e-07 2e-07
0.0029 100 2e-07 2e-07
0.00291 100 2e-07 2e-07
0.00292 100 2e-07 2e-07
0.00293 100 2e-07 2e-07
0.00294 100 2e-07 2e-07
0.00295 100 2e-07 2e-07
0.00296 100 2e-07 2e-07
0.00297 100 2e-07 2e-07
0.00298 100 2e-07 2e-07
0.00299 100 2e-07 2e-07
0.003 100 2e-07 2e-07
0.00301 100 2e-07 2e-07
0.00302 100 2e-07 2e-07
0.00303 100 2e-07 2e-07
0.00304 100 2e-07 2e-07
0.00305 100 2e-07 2e-07
0.00306 100 2e-07 2e-07
0.00307 100 2e-07 2e-07
0.00308 100 2e-07 2e-07
0.00309 100 2e-07 2e-07
0.0031 100 2e-07 2e-07
0.00311 100 2e-07 2e-07
0.00312 100 2e-07 2e-07
0.00313 100 2e-07 2e-07
0.00314 100 2e-07 2e-07
0.00315 100 2e-07 2e-07
0.00316 100 2e-07 2e-07
0.00317 100 2e-07 2e-07
0.00318 100 2e-07 2e-07
0.00319 100 2e-07 2e-07
0.0032 100 2e-07 2e-07
0.00321 100 2e-07 2e-07
0.00322 100 2e-07 2e-07
0.00323 100 2e-07 2e-07
0.00324 100 2e-07 2e-07
0.00325 100 2e-07 2e-07
0.00326 100 2e-07 2e-07
0.00327 100 2e-07 2e-07
0.00328 100 2e-07 2e-07
0.00329 100 2e-07 2e-07
0.0033 100 2e-07 2e-07
0.00331 100 2e-07 2e-07
0.00332 100 2e-07 2e-07
0.00333 100 2e-07 2e-07
0.00334 100 2e-07 2e-07
0.00335 100 2e-07 2e-07
0.00336 100 2e-07 2e-07
0.00337 100 2e-07 2e-07
0.00338 100 2e-07 2e-07
0.00339 100 2e-07 2e-07
0.0034 100 2e-07 2e-07
0.00341 100 2e-07 2e-07
0.00342 100 2e-07 2e-07
0.00343 100 2e-07 2e-07
0.00344 100 2e-07 2e-07
0.00345 100 2e-07 2e-07
0.00346 100 2e-07 2e-07
0.00347 100 2e-07 2e-07
0.00348 100 2e-07 2e-07
0.00349 100 2e-07 2e-07
0.0035 100 2e-07 2e-07
0.00351 100 2e-07 2e-07
0.00352 100 2e-07 2e-07
0.00353 100 2e-07 2e-07
0.00354 100 2e-07 2e-07
0.00355 100 2e-07 2e-07
0.00356 100 2e-07 2e-07
0.00357 100 2e-07 2e-07
0.00358 100 2e-07 2e-07
0.00359 100 2e-07 2e-07
0.0036 100 2e-07 2e-07
0.00361 100 2e-07 2e-07
0.00362 100 2e-07 2e-07
0.00363 100 2e-07 2e-07
0.00364 100 2e-07 2e-07
0.00365 100 2e-07 2e-07
0.00366 100 2e-07 2e-07
0.00367 100 2e-07 2e-07
0.00368 100 2e-07 2e-07
0.00369 100 2e-07 2e-07
0.0037 100 2e-07 2e-07
0.00371 100 2e-07 2e-07
0.00372 100 2e-07 2e-07
0.00373 100 2e-07 2e-07
0.00374 100 2e-07 2e-07
0.00375 100 2e-07 2e-07
0.00376 100 2e-07 2e-07
0.00377 100 2e-07 2e-07
0.00378 100 2e-07 2e-07
0.00379 100 2e-07 2e-07
0.0038 100 2e-07 2e-07
0.00381 100 2e-07 2e-07
0.00382 100 2e-07 2e-07
0.00383 100 2e-07 2e-07
0.00384 100 2e-07 2e-07
0.00385 100 2e-07 2e-07
0.00386 100 2e-07 2e-07
0.00387 100 2e-07 2e-07
0.00388 100 2e-07 2e-07
0.00389 100 2e-07 2e-07
0.0039 100 2e-07 2e-07
0.00391 100 2e-07 2e-07
0.00392 100 2e-07 2e-07
0.00393 100 2e-07 2e-07
0.00394 100 2e-07 2e-07
0.00395 100 2e-07 2e-07
0.00396 100 2e-07 2e-07
0.00397 100 2e-07 2e-07
0.00398 100 2e-07 2e-07
0.00399 100 2e-07 2e-07
