0 0
1e-05 0
2e-05 0.000753679
3e-05 0.00150795
4e-05 0.0022616
5e-05 0.00301581
6e-05 0.00376939
7e-05 0.00452351
8e-05 0.00527696
9e-05 0.00603094
0.0001 0.00678424
0.00011 0.00753804
0.00012 0.00829113
0.00013 0.0090447
0.00014 0.00979755
0.00015 0.0105508
0.00016 0.0113034
0.00017 0.0120564
0.00018 0.0128086
0.00019 0.0135613
0.0002 0.0143131
0.00021 0.0150654
0.00022 0.0158168
0.00023 0.0165686
0.00024 0.0173196
0.00025 0.0180709
0.00026 0.0188214
0.00027 0.0195722
0.00028 0.0203221
0.00029 0.0210723
0.0003 0.0218217
0.00031 0.0225713
0.00032 0.02332
0.00033 0.0240689
0.00034 0.024817
0.00035 0.0255653
0.00036 0.0263126
0.00037 0.0270601
0.00038 0.0278067
0.00039 0.0285534
0.0004 0.0292992
0.00041 0.0300451
0.00042 0.03079
0.00043 0.0315351
0.00044 0.0322791
0.00045 0.0330233
0.00046 0.0337664
0.00047 0.0345096
0.00048 0.0352517
0.00049 0.035994
0.0005 0.0367351
0.00051 0.0374763
0.00052 0.0382163
0.00053 0.0389564
0.00054 0.0396954
0.00055 0.0404344
0.00056 0.0411722
0.00057 0.0419101
0.00058 0.0426467
0.00059 0.0433833
0.0006 0.0441188
0.00061 0.0448541
0.00062 0.0455883
0.00063 0.0463224
0.00064 0.0470553
0.00065 0.047788
0.00066 0.0485196
0.00067 0.049251
0.00068 0.0499811
0.00069 0.0507111
0.0007 0.0514398
0.00071 0.0521683
0.00072 0.0528955
0.00073 0.0536226
0.00074 0.0543483
0.00075 0.0550738
0.00076 0.0557979
0.00077 0.0565219
0.00078 0.0572444
0.00079 0.0579667
0.0008 0.0586877
0.00081 0.0594083
0.00082 0.0601276
0.00083 0.0608465
0.00084 0.061564
0.00085 0.0622813
0.00086 0.062997
0.00087 0.0637125
0.00088 0.0644264
0.00089 0.06514
0.0009 0.0658522
0.00091 0.0665639
0.00092 0.0672742
0.00093 0.067984
0.00094 0.0686923
0.00095 0.0694002
0.00096 0.0701066
0.00097 0.0708125
0.00098 0.0715169
0.00099 0.0722208
0.001 0.0729231
0.00101 0.0736249
0.00102 0.0743251
0.00103 0.0750249
0.00104 0.075723
0.00105 0.0764206
0.00106 0.0771165
0.00107 0.0778119
0.00108 0.0785057
0.00109 0.0791989
0.0011 0.0798904
0.00111 0.0805813
0.00112 0.0812705
0.00113 0.0819591
0.00114 0.082646
0.00115 0.0833323
0.00116 0.0840169
0.00117 0.0847008
0.00118 0.0853829
0.00119 0.0860644
0.0012 0.0867441
0.00121 0.0874232
0.00122 0.0881004
0.00123 0.0887769
0.00124 0.0894517
0.00125 0.0901257
0.00126 0.0907978
0.00127 0.0914693
0.00128 0.0921388
0.00129 0.0928077
0.0013 0.0934746
0.00131 0.0941408
0.00132 0.0948051
0.00133 0.0954686
0.00134 0.0961302
0.00135 0.0967909
0.00136 0.0974498
0.00137 0.0981078
0.00138 0.0987638
0.00139 0.099419
0.0014 0.100072
0.00141 0.100725
0.00142 0.101375
0.00143 0.102025
0.00144 0.102672
0.00145 0.103319
0.00146 0.103963
0.00147 0.104607
0.00148 0.105248
0.00149 0.105889
0.0015 0.106528
0.00151 0.107165
0.00152 0.107801
0.00153 0.108436
0.00154 0.109068
0.00155 0.1097
0.00156 0.110329
0.00157 0.110957
0.00158 0.111584
0.00159 0.112209
0.0016 0.112832
0.00161 0.113454
0.00162 0.114074
0.00163 0.114692
0.00164 0.115309
0.00165 0.115925
0.00166 0.116538
0.00167 0.11715
0.00168 0.11776
0.00169 0.118369
0.0017 0.118976
0.00171 0.119581
0.00172 0.120184
0.00173 0.120786
0.00174 0.121386
0.00175 0.121985
0.00176 0.122581
0.00177 0.123176
0.00178 0.123769
0.00179 0.124361
0.0018 0.12495
0.00181 0.125538
0.00182 0.126124
0.00183 0.126709
0.00184 0.127291
0.00185 0.127872
0.00186 0.12845
0.00187 0.129028
0.00188 0.129602
0.00189 0.130176
0.0019 0.130747
0.00191 0.131317
0.00192 0.131885
0.00193 0.132451
0.00194 0.133015
0.00195 0.133577
0.00196 0.134137
0.00197 0.134695
0.00198 0.135252
0.00199 0.135806
0.002 0.136359
0.00201 0.136909
0.00202 0.137458
0.00203 0.138005
0.00204 0.138549
0.00205 0.139092
0.00206 0.139633
0.00207 0.140172
0.00208 0.140708
0.00209 0.141244
0.0021 0.141776
0.00211 0.142307
0.00212 0.142836
0.00213 0.143363
0.00214 0.143887
0.00215 0.14441
0.00216 0.14493
0.00217 0.145449
0.00218 0.145965
0.00219 0.14648
0.0022 0.146992
0.00221 0.147503
0.00222 0.148011
0.00223 0.148517
0.00224 0.14902
0.00225 0.149523
0.00226 0.150022
0.00227 0.15052
0.00228 0.151015
0.00229 0.151508
0.0023 0.151999
0.00231 0.152489
0.00232 0.152975
0.00233 0.15346
0.00234 0.153942
0.00235 0.154423
0.00236 0.1549
0.00237 0.155376
0.00238 0.15585
0.00239 0.156322
0.0024 0.15679
0.00241 0.157258
0.00242 0.157722
0.00243 0.158185
0.00244 0.158645
0.00245 0.159103
0.00246 0.159559
0.00247 0.160012
0.00248 0.160463
0.00249 0.160912
0.0025 0.161359
0.00251 0.161803
0.00252 0.162245
0.00253 0.162685
0.00254 0.163122
0.00255 0.163558
0.00256 0.16399
0.00257 0.164421
0.00258 0.164849
0.00259 0.165275
0.0026 0.165698
0.00261 0.166119
0.00262 0.166538
0.00263 0.166954
0.00264 0.167368
0.00265 0.16778
0.00266 0.168189
0.00267 0.168596
0.00268 0.169
0.00269 0.169402
0.0027 0.169802
0.00271 0.170199
0.00272 0.170593
0.00273 0.170986
0.00274 0.171376
0.00275 0.171763
0.00276 0.172148
0.00277 0.172531
0.00278 0.172911
0.00279 0.173289
0.0028 0.173664
0.00281 0.174037
0.00282 0.174407
0.00283 0.174775
0.00284 0.17514
0.00285 0.175503
0.00286 0.175863
0.00287 0.176221
0.00288 0.176576
0.00289 0.176929
0.0029 0.177279
0.00291 0.177627
0.00292 0.177972
0.00293 0.178315
0.00294 0.178655
0.00295 0.178993
0.00296 0.179328
0.00297 0.179661
0.00298 0.179991
0.00299 0.180318
0.003 0.180643
0.00301 0.180965
0.00302 0.181285
0.00303 0.181602
0.00304 0.181917
0.00305 0.182229
0.00306 0.182538
0.00307 0.182845
0.00308 0.183149
0.00309 0.183451
0.0031 0.18375
0.00311 0.184046
0.00312 0.18434
0.00313 0.184631
0.00314 0.18492
0.00315 0.185206
0.00316 0.185489
0.00317 0.18577
0.00318 0.186047
0.00319 0.186323
0.0032 0.186596
0.00321 0.186866
0.00322 0.187133
0.00323 0.187398
0.00324 0.18766
0.00325 0.187919
0.00326 0.188176
0.00327 0.18843
0.00328 0.188681
0.00329 0.18893
0.0033 0.189176
0.00331 0.18942
0.00332 0.18966
0.00333 0.189898
0.00334 0.190133
0.00335 0.190366
0.00336 0.190596
0.00337 0.190823
0.00338 0.191047
0.00339 0.191269
0.0034 0.191488
0.00341 0.191704
0.00342 0.191918
0.00343 0.192129
0.00344 0.192337
0.00345 0.192542
0.00346 0.192745
0.00347 0.192945
0.00348 0.193142
0.00349 0.193336
0.0035 0.193528
0.00351 0.193717
0.00352 0.193903
0.00353 0.194086
0.00354 0.194267
0.00355 0.194445
0.00356 0.19462
0.00357 0.194792
0.00358 0.194961
0.00359 0.195128
0.0036 0.195292
0.00361 0.195454
0.00362 0.195612
0.00363 0.195768
0.00364 0.195921
0.00365 0.196071
0.00366 0.196218
0.00367 0.196363
0.00368 0.196504
0.00369 0.196643
0.0037 0.196779
0.00371 0.196913
0.00372 0.197043
0.00373 0.197171
0.00374 0.197296
0.00375 0.197418
0.00376 0.197538
0.00377 0.197654
0.00378 0.197768
0.00379 0.197879
0.0038 0.197987
0.00381 0.198092
0.00382 0.198195
0.00383 0.198295
0.00384 0.198391
0.00385 0.198485
0.00386 0.198576
0.00387 0.198665
0.00388 0.19875
0.00389 0.198833
0.0039 0.198913
0.00391 0.19899
0.00392 0.199064
0.00393 0.199136
0.00394 0.199204
0.00395 0.19927
0.00396 0.199333
0.00397 0.199393
0.00398 0.19945
0.00399 0.199505
0.004 0.199556
0.00401 0.199605
0.00402 0.199651
0.00403 0.199694
0.00404 0.199734
0.00405 0.199772
0.00406 0.199806
0.00407 0.199838
0.00408 0.199867
0.00409 0.199893
0.0041 0.199916
0.00411 0.199937
0.00412 0.199954
0.00413 0.199969
0.00414 0.199981
0.00415 0.19999
0.00416 0.199996
0.00417 0.199999
0.00418 0.2
0.00419 0.199998
0.0042 0.199992
0.00421 0.199984
0.00422 0.199973
0.00423 0.19996
0.00424 0.199943
0.00425 0.199924
0.00426 0.199901
0.00427 0.199876
0.00428 0.199848
0.00429 0.199818
0.0043 0.199784
0.00431 0.199748
0.00432 0.199708
0.00433 0.199666
0.00434 0.199621
0.00435 0.199573
0.00436 0.199522
0.00437 0.199469
0.00438 0.199413
0.00439 0.199354
0.0044 0.199291
0.00441 0.199227
0.00442 0.199159
0.00443 0.199089
0.00444 0.199015
0.00445 0.198939
0.00446 0.19886
0.00447 0.198778
0.00448 0.198694
0.00449 0.198606
0.0045 0.198516
0.00451 0.198423
0.00452 0.198327
0.00453 0.198228
0.00454 0.198127
0.00455 0.198023
0.00456 0.197915
0.00457 0.197805
0.00458 0.197692
0.00459 0.197577
0.0046 0.197458
0.00461 0.197337
0.00462 0.197213
0.00463 0.197086
0.00464 0.196957
0.00465 0.196824
0.00466 0.196689
0.00467 0.196551
0.00468 0.19641
0.00469 0.196267
0.0047 0.19612
0.00471 0.195971
0.00472 0.195819
0.00473 0.195664
0.00474 0.195507
0.00475 0.195347
0.00476 0.195183
0.00477 0.195018
0.00478 0.194849
0.00479 0.194678
0.0048 0.194503
0.00481 0.194326
0.00482 0.194147
0.00483 0.193964
0.00484 0.193779
0.00485 0.193591
0.00486 0.1934
0.00487 0.193207
0.00488 0.193011
0.00489 0.192812
0.0049 0.19261
0.00491 0.192406
0.00492 0.192198
0.00493 0.191989
0.00494 0.191776
0.00495 0.191561
0.00496 0.191342
0.00497 0.191122
0.00498 0.190898
0.00499 0.190672
0.005 0.190443
0.00501 0.190211
0.00502 0.189977
0.00503 0.18974
0.00504 0.1895
0.00505 0.189258
0.00506 0.189013
0.00507 0.188765
0.00508 0.188514
0.00509 0.188261
0.0051 0.188005
0.00511 0.187747
0.00512 0.187486
0.00513 0.187222
0.00514 0.186955
0.00515 0.186686
0.00516 0.186414
0.00517 0.18614
0.00518 0.185863
0.00519 0.185583
0.0052 0.1853
0.00521 0.185016
0.00522 0.184728
0.00523 0.184438
0.00524 0.184145
0.00525 0.183849
0.00526 0.183551
0.00527 0.18325
0.00528 0.182947
0.00529 0.182641
0.0053 0.182332
0.00531 0.182021
0.00532 0.181707
0.00533 0.181391
0.00534 0.181072
0.00535 0.180751
0.00536 0.180427
0.00537 0.1801
0.00538 0.179771
0.00539 0.17944
0.0054 0.179105
0.00541 0.178768
0.00542 0.178429
0.00543 0.178087
0.00544 0.177743
0.00545 0.177396
0.00546 0.177046
0.00547 0.176694
0.00548 0.17634
0.00549 0.175983
0.0055 0.175623
0.00551 0.175262
0.00552 0.174897
0.00553 0.17453
0.00554 0.17416
0.00555 0.173789
0.00556 0.173414
0.00557 0.173037
0.00558 0.172658
0.00559 0.172276
0.0056 0.171892
0.00561 0.171506
0.00562 0.171116
0.00563 0.170725
0.00564 0.170331
0.00565 0.169935
0.00566 0.169536
0.00567 0.169135
0.00568 0.168731
0.00569 0.168325
0.0057 0.167916
0.00571 0.167506
0.00572 0.167092
0.00573 0.166677
0.00574 0.166259
0.00575 0.165839
0.00576 0.165416
0.00577 0.164991
0.00578 0.164564
0.00579 0.164134
0.0058 0.163702
0.00581 0.163268
0.00582 0.162831
0.00583 0.162392
0.00584 0.161951
0.00585 0.161508
0.00586 0.161062
0.00587 0.160614
0.00588 0.160163
0.00589 0.15971
0.0059 0.159255
0.00591 0.158798
0.00592 0.158339
0.00593 0.157877
0.00594 0.157413
0.00595 0.156947
0.00596 0.156478
0.00597 0.156008
0.00598 0.155535
0.00599 0.15506
0.006 0.154582
0.00601 0.154103
0.00602 0.153621
0.00603 0.153137
0.00604 0.152651
0.00605 0.152163
0.00606 0.151672
0.00607 0.15118
0.00608 0.150685
0.00609 0.150188
0.0061 0.149689
0.00611 0.149188
0.00612 0.148685
0.00613 0.14818
0.00614 0.147672
0.00615 0.147163
0.00616 0.146651
0.00617 0.146138
0.00618 0.145622
0.00619 0.145104
0.0062 0.144584
0.00621 0.144062
0.00622 0.143538
0.00623 0.143012
0.00624 0.142484
0.00625 0.141954
0.00626 0.141421
0.00627 0.140887
0.00628 0.140351
0.00629 0.139813
0.0063 0.139273
0.00631 0.138731
0.00632 0.138187
0.00633 0.137641
0.00634 0.137093
0.00635 0.136543
0.00636 0.135991
0.00637 0.135437
0.00638 0.134881
0.00639 0.134324
0.0064 0.133764
0.00641 0.133203
0.00642 0.132639
0.00643 0.132074
0.00644 0.131507
0.00645 0.130938
0.00646 0.130367
0.00647 0.129794
0.00648 0.129219
0.00649 0.128643
0.0065 0.128065
0.00651 0.127485
0.00652 0.126903
0.00653 0.126319
0.00654 0.125734
0.00655 0.125147
0.00656 0.124558
0.00657 0.123967
0.00658 0.123374
0.00659 0.12278
0.0066 0.122184
0.00661 0.121586
0.00662 0.120987
0.00663 0.120386
0.00664 0.119782
0.00665 0.119178
0.00666 0.118571
0.00667 0.117964
0.00668 0.117354
0.00669 0.116742
0.0067 0.116129
0.00671 0.115515
0.00672 0.114898
0.00673 0.11428
0.00674 0.113661
0.00675 0.11304
0.00676 0.112417
0.00677 0.111792
0.00678 0.111166
0.00679 0.110539
0.0068 0.10991
0.00681 0.109279
0.00682 0.108647
0.00683 0.108013
0.00684 0.107378
0.00685 0.106741
0.00686 0.106102
0.00687 0.105463
0.00688 0.104821
0.00689 0.104178
0.0069 0.103534
0.00691 0.102888
0.00692 0.102241
0.00693 0.101592
0.00694 0.100942
0.00695 0.10029
0.00696 0.0996371
0.00697 0.0989828
0.00698 0.0983267
0.00699 0.0976696
0.007 0.0970108
0.00701 0.096351
0.00702 0.0956894
0.00703 0.0950268
0.00704 0.0943625
0.00705 0.0936972
0.00706 0.0930303
0.00707 0.0923623
0.00708 0.0916927
0.00709 0.0910222
0.0071 0.09035
0.00711 0.0896769
0.00712 0.0890021
0.00713 0.0883264
0.00714 0.0876492
0.00715 0.086971
0.00716 0.0862913
0.00717 0.0856106
0.00718 0.0849284
0.00719 0.0842454
0.0072 0.0835608
0.00721 0.0828753
0.00722 0.0821884
0.00723 0.0815006
0.00724 0.0808113
0.00725 0.0801212
0.00726 0.0794296
0.00727 0.0787373
0.00728 0.0780434
0.00729 0.0773489
0.0073 0.0766528
0.00731 0.075956
0.00732 0.0752578
0.00733 0.0745589
0.00734 0.0738586
0.00735 0.0731575
0.00736 0.0724551
0.00737 0.071752
0.00738 0.0710476
0.00739 0.0703424
0.0074 0.0696359
0.00741 0.0689288
0.00742 0.0682204
0.00743 0.0675113
0.00744 0.0668009
0.00745 0.0660899
0.00746 0.0653777
0.00747 0.0646648
0.00748 0.0639507
0.00749 0.063236
0.0075 0.0625201
0.00751 0.0618036
0.00752 0.0610859
0.00753 0.0603677
0.00754 0.0596483
0.00755 0.0589284
0.00756 0.0582073
0.00757 0.0574857
0.00758 0.056763
0.00759 0.0560398
0.0076 0.0553154
0.00761 0.0545906
0.00762 0.0538647
0.00763 0.0531384
0.00764 0.052411
0.00765 0.0516831
0.00766 0.0509542
0.00767 0.0502249
0.00768 0.0494946
0.00769 0.0487639
0.0077 0.0480321
0.00771 0.0473
0.00772 0.0465669
0.00773 0.0458335
0.00774 0.0450991
0.00775 0.0443644
0.00776 0.0436287
0.00777 0.0428927
0.00778 0.0421558
0.00779 0.0414187
0.0078 0.0406806
0.00781 0.0399422
0.00782 0.039203
0.00783 0.0384635
0.00784 0.0377232
0.00785 0.0369826
0.00786 0.0362412
0.00787 0.0354996
0.00788 0.0347572
0.00789 0.0340146
0.0079 0.0332712
0.00791 0.0325277
0.00792 0.0317833
0.00793 0.0310389
0.00794 0.0302936
0.00795 0.0295483
0.00796 0.0288022
0.00797 0.0280561
0.00798 0.0273092
0.00799 0.0265622
0.008 0.0258146
0.00801 0.0250669
0.00802 0.0243185
0.00803 0.0235701
0.00804 0.0228211
0.00805 0.022072
0.00806 0.0213223
0.00807 0.0205726
0.00808 0.0198223
0.00809 0.0190721
0.0081 0.0183213
0.00811 0.0175705
0.00812 0.0168191
0.00813 0.0160678
0.00814 0.015316
0.00815 0.0145643
0.00816 0.0138121
0.00817 0.01306
0.00818 0.0123073
0.00819 0.0115549
0.0082 0.0108019
0.00821 0.0100491
0.00822 0.00929584
0.00823 0.00854276
0.00824 0.00778925
0.00825 0.00703594
0.00826 0.00628222
0.00827 0.00552873
0.00828 0.00477484
0.00829 0.0040212
0.0083 0.00326718
0.00831 0.00251344
0.00832 0.00175934
0.00833 0.00100553
0.00834 0.000251401
0.00835 -0.000502426
0.00836 -0.00125656
0.00837 -0.00201036
0.00838 -0.00276444
0.00839 -0.00351817
0.0084 -0.00427217
0.00841 -0.00502579
0.00842 -0.00577965
0.00843 -0.00653312
0.00844 -0.00728681
0.00845 -0.00804008
0.00846 -0.00879355
0.00847 -0.00954659
0.00848 -0.0102998
0.00849 -0.0110525
0.0085 -0.0118054
0.00851 -0.0125579
0.00852 -0.0133104
0.00853 -0.0140625
0.00854 -0.0148147
0.00855 -0.0155663
0.00856 -0.016318
0.00857 -0.0170692
0.00858 -0.0178205
0.00859 -0.0185712
0.0086 -0.019322
0.00861 -0.0200721
0.00862 -0.0208223
0.00863 -0.0215719
0.00864 -0.0223215
0.00865 -0.0230704
0.00866 -0.0238194
0.00867 -0.0245677
0.00868 -0.0253159
0.00869 -0.0260635
0.0087 -0.026811
0.00871 -0.0275578
0.00872 -0.0283046
0.00873 -0.0290506
0.00874 -0.0297965
0.00875 -0.0305417
0.00876 -0.0312868
0.00877 -0.0320311
0.00878 -0.0327753
0.00879 -0.0335187
0.0088 -0.0342619
0.00881 -0.0350044
0.00882 -0.0357466
0.00883 -0.0364881
0.00884 -0.0372293
0.00885 -0.0379697
0.00886 -0.0387098
0.00887 -0.0394491
0.00888 -0.0401882
0.00889 -0.0409263
0.0089 -0.0416642
0.00891 -0.0424012
0.00892 -0.0431379
0.00893 -0.0438737
0.00894 -0.0446091
0.00895 -0.0453436
0.00896 -0.0460778
0.00897 -0.046811
0.00898 -0.0475439
0.00899 -0.0482758
0.009 -0.0490073
0.00901 -0.0497378
0.00902 -0.0504678
0.00903 -0.0511969
0.00904 -0.0519256
0.00905 -0.0526532
0.00906 -0.0533803
0.00907 -0.0541064
0.00908 -0.0548321
0.00909 -0.0555566
0.0091 -0.0562807
0.00911 -0.0570036
0.00912 -0.0577261
0.00913 -0.0584474
0.00914 -0.0591682
0.00915 -0.0598879
0.00916 -0.060607
0.00917 -0.0613249
0.00918 -0.0620423
0.00919 -0.0627585
0.0092 -0.0634741
0.00921 -0.0641885
0.00922 -0.0649023
0.00923 -0.0656149
0.00924 -0.0663268
0.00925 -0.0670375
0.00926 -0.0677475
0.00927 -0.0684563
0.00928 -0.0691644
0.00929 -0.0698712
0.0093 -0.0705773
0.00931 -0.0712822
0.00932 -0.0719863
0.00933 -0.0726891
0.00934 -0.0733911
0.00935 -0.0740918
0.00936 -0.0747918
0.00937 -0.0754904
0.00938 -0.0761882
0.00939 -0.0768846
0.0094 -0.0775803
0.00941 -0.0782745
0.00942 -0.0789679
0.00943 -0.07966
0.00944 -0.0803511
0.00945 -0.0810409
0.00946 -0.0817297
0.00947 -0.0824172
0.00948 -0.0831037
0.00949 -0.0837888
0.0095 -0.084473
0.00951 -0.0851557
0.00952 -0.0858374
0.00953 -0.0865177
0.00954 -0.087197
0.00955 -0.0878748
0.00956 -0.0885516
0.00957 -0.0892269
0.00958 -0.0899012
0.00959 -0.0905739
0.0096 -0.0912456
0.00961 -0.0919158
0.00962 -0.0925849
0.00963 -0.0932524
0.00964 -0.0939189
0.00965 -0.0945838
0.00966 -0.0952476
0.00967 -0.0959097
0.00968 -0.0965708
0.00969 -0.0972303
0.0097 -0.0978886
0.00971 -0.0985453
0.00972 -0.0992008
0.00973 -0.0998547
0.00974 -0.100507
0.00975 -0.101158
0.00976 -0.101808
0.00977 -0.102456
0.00978 -0.103103
0.00979 -0.103748
0.0098 -0.104392
0.00981 -0.105035
0.00982 -0.105676
0.00983 -0.106315
0.00984 -0.106953
0.00985 -0.107589
0.00986 -0.108224
0.00987 -0.108857
0.00988 -0.109489
0.00989 -0.110119
0.0099 -0.110748
0.00991 -0.111375
0.00992 -0.112001
0.00993 -0.112624
0.00994 -0.113247
0.00995 -0.113867
0.00996 -0.114486
0.00997 -0.115104
0.00998 -0.11572
0.00999 -0.116334
0.01 -0.116946
0.01001 -0.117557
0.01002 -0.118166
0.01003 -0.118773
0.01004 -0.119379
0.01005 -0.119983
0.01006 -0.120586
0.01007 -0.121186
0.01008 -0.121785
0.01009 -0.122383
0.0101 -0.122978
0.01011 -0.123572
0.01012 -0.124164
0.01013 -0.124754
0.01014 -0.125342
0.01015 -0.125929
0.01016 -0.126514
0.01017 -0.127097
0.01018 -0.127678
0.01019 -0.128258
0.0102 -0.128835
0.01021 -0.129411
0.01022 -0.129985
0.01023 -0.130557
0.01024 -0.131127
0.01025 -0.131696
0.01026 -0.132262
0.01027 -0.132827
0.01028 -0.13339
0.01029 -0.13395
0.0103 -0.134509
0.01031 -0.135066
0.01032 -0.135622
0.01033 -0.136175
0.01034 -0.136726
0.01035 -0.137275
0.01036 -0.137823
0.01037 -0.138368
0.01038 -0.138912
0.01039 -0.139453
0.0104 -0.139992
0.01041 -0.14053
0.01042 -0.141065
0.01043 -0.141599
0.01044 -0.14213
0.01045 -0.14266
0.01046 -0.143187
0.01047 -0.143713
0.01048 -0.144236
0.01049 -0.144757
0.0105 -0.145277
0.01051 -0.145794
0.01052 -0.146309
0.01053 -0.146822
0.01054 -0.147333
0.01055 -0.147841
0.01056 -0.148348
0.01057 -0.148853
0.01058 -0.149355
0.01059 -0.149856
0.0106 -0.150354
0.01061 -0.15085
0.01062 -0.151344
0.01063 -0.151836
0.01064 -0.152326
0.01065 -0.152813
0.01066 -0.153299
0.01067 -0.153782
0.01068 -0.154263
0.01069 -0.154741
0.0107 -0.155218
0.01071 -0.155692
0.01072 -0.156165
0.01073 -0.156634
0.01074 -0.157102
0.01075 -0.157568
0.01076 -0.158031
0.01077 -0.158492
0.01078 -0.158951
0.01079 -0.159407
0.0108 -0.159861
0.01081 -0.160313
0.01082 -0.160763
0.01083 -0.16121
0.01084 -0.161656
0.01085 -0.162098
0.01086 -0.162539
0.01087 -0.162977
0.01088 -0.163413
0.01089 -0.163846
0.0109 -0.164278
0.01091 -0.164706
0.01092 -0.165133
0.01093 -0.165557
0.01094 -0.165979
0.01095 -0.166398
0.01096 -0.166816
0.01097 -0.16723
0.01098 -0.167643
0.01099 -0.168053
0.011 -0.16846
0.01101 -0.168865
0.01102 -0.169268
0.01103 -0.169669
0.01104 -0.170067
0.01105 -0.170462
0.01106 -0.170855
0.01107 -0.171246
0.01108 -0.171634
0.01109 -0.17202
0.0111 -0.172404
0.01111 -0.172785
0.01112 -0.173163
0.01113 -0.173539
0.01114 -0.173913
0.01115 -0.174284
0.01116 -0.174652
0.01117 -0.175018
0.01118 -0.175382
0.01119 -0.175743
0.0112 -0.176102
0.01121 -0.176458
0.01122 -0.176812
0.01123 -0.177163
0.01124 -0.177512
0.01125 -0.177858
0.01126 -0.178201
0.01127 -0.178542
0.01128 -0.178881
0.01129 -0.179217
0.0113 -0.17955
0.01131 -0.179881
0.01132 -0.180209
0.01133 -0.180535
0.01134 -0.180858
0.01135 -0.181179
0.01136 -0.181497
0.01137 -0.181812
0.01138 -0.182125
0.01139 -0.182435
0.0114 -0.182743
0.01141 -0.183048
0.01142 -0.183351
0.01143 -0.18365
0.01144 -0.183948
0.01145 -0.184242
0.01146 -0.184535
0.01147 -0.184824
0.01148 -0.185111
0.01149 -0.185395
0.0115 -0.185676
0.01151 -0.185955
0.01152 -0.186232
0.01153 -0.186505
0.01154 -0.186776
0.01155 -0.187044
0.01156 -0.18731
0.01157 -0.187573
0.01158 -0.187833
0.01159 -0.188091
0.0116 -0.188346
0.01161 -0.188598
0.01162 -0.188848
0.01163 -0.189095
0.01164 -0.189339
0.01165 -0.18958
0.01166 -0.189819
0.01167 -0.190055
0.01168 -0.190289
0.01169 -0.190519
0.0117 -0.190748
0.01171 -0.190973
0.01172 -0.191196
0.01173 -0.191415
0.01174 -0.191633
0.01175 -0.191847
0.01176 -0.192059
0.01177 -0.192268
0.01178 -0.192474
0.01179 -0.192677
0.0118 -0.192878
0.01181 -0.193076
0.01182 -0.193272
0.01183 -0.193464
0.01184 -0.193654
0.01185 -0.193841
0.01186 -0.194025
0.01187 -0.194207
0.01188 -0.194386
0.01189 -0.194562
0.0119 -0.194735
0.01191 -0.194905
0.01192 -0.195073
0.01193 -0.195238
0.01194 -0.1954
0.01195 -0.195559
0.01196 -0.195716
0.01197 -0.19587
0.01198 -0.196021
0.01199 -0.196169
0.012 -0.196315
0.01201 -0.196457
0.01202 -0.196597
0.01203 -0.196734
0.01204 -0.196869
0.01205 -0.197
0.01206 -0.197129
0.01207 -0.197255
0.01208 -0.197378
0.01209 -0.197498
0.0121 -0.197616
0.01211 -0.19773
0.01212 -0.197842
0.01213 -0.197951
0.01214 -0.198058
0.01215 -0.198161
0.01216 -0.198262
0.01217 -0.198359
0.01218 -0.198454
0.01219 -0.198546
0.0122 -0.198636
0.01221 -0.198722
0.01222 -0.198806
0.01223 -0.198887
0.01224 -0.198965
0.01225 -0.19904
0.01226 -0.199112
0.01227 -0.199182
0.01228 -0.199249
0.01229 -0.199312
0.0123 -0.199374
0.01231 -0.199432
0.01232 -0.199487
0.01233 -0.19954
0.01234 -0.199589
0.01235 -0.199636
0.01236 -0.19968
0.01237 -0.199721
0.01238 -0.19976
0.01239 -0.199795
0.0124 -0.199828
0.01241 -0.199858
0.01242 -0.199885
0.01243 -0.199909
0.01244 -0.19993
0.01245 -0.199949
0.01246 -0.199965
0.01247 -0.199977
0.01248 -0.199987
0.01249 -0.199994
0.0125 -0.199999
0.01251 -0.2
0.01252 -0.199999
0.01253 -0.199994
0.01254 -0.199987
0.01255 -0.199977
0.01256 -0.199965
0.01257 -0.199949
0.01258 -0.19993
0.01259 -0.199909
0.0126 -0.199885
0.01261 -0.199858
0.01262 -0.199828
0.01263 -0.199795
0.01264 -0.19976
0.01265 -0.199721
0.01266 -0.19968
0.01267 -0.199636
0.01268 -0.199589
0.01269 -0.19954
0.0127 -0.199487
0.01271 -0.199432
0.01272 -0.199374
0.01273 -0.199312
0.01274 -0.199249
0.01275 -0.199182
0.01276 -0.199112
0.01277 -0.19904
0.01278 -0.198965
0.01279 -0.198887
0.0128 -0.198806
0.01281 -0.198722
0.01282 -0.198636
0.01283 -0.198546
0.01284 -0.198454
0.01285 -0.198359
0.01286 -0.198262
0.01287 -0.198161
0.01288 -0.198058
0.01289 -0.197951
0.0129 -0.197842
0.01291 -0.19773
0.01292 -0.197616
0.01293 -0.197498
0.01294 -0.197378
0.01295 -0.197255
0.01296 -0.197129
0.01297 -0.197
0.01298 -0.196869
0.01299 -0.196734
0.013 -0.196597
0.01301 -0.196457
0.01302 -0.196315
0.01303 -0.196169
0.01304 -0.196021
0.01305 -0.19587
0.01306 -0.195716
0.01307 -0.19556
0.01308 -0.1954
0.01309 -0.195238
0.0131 -0.195073
0.01311 -0.194905
0.01312 -0.194735
0.01313 -0.194562
0.01314 -0.194386
0.01315 -0.194207
0.01316 -0.194025
0.01317 -0.193841
0.01318 -0.193654
0.01319 -0.193464
0.0132 -0.193272
0.01321 -0.193076
0.01322 -0.192878
0.01323 -0.192677
0.01324 -0.192474
0.01325 -0.192268
0.01326 -0.192059
0.01327 -0.191847
0.01328 -0.191633
0.01329 -0.191415
0.0133 -0.191196
0.01331 -0.190973
0.01332 -0.190748
0.01333 -0.19052
0.01334 -0.190289
0.01335 -0.190055
0.01336 -0.189819
0.01337 -0.18958
0.01338 -0.189339
0.01339 -0.189095
0.0134 -0.188848
0.01341 -0.188598
0.01342 -0.188346
0.01343 -0.188091
0.01344 -0.187833
0.01345 -0.187573
0.01346 -0.18731
0.01347 -0.187044
0.01348 -0.186776
0.01349 -0.186505
0.0135 -0.186232
0.01351 -0.185955
0.01352 -0.185677
0.01353 -0.185395
0.01354 -0.185111
0.01355 -0.184824
0.01356 -0.184535
0.01357 -0.184243
0.01358 -0.183948
0.01359 -0.183651
0.0136 -0.183351
0.01361 -0.183048
0.01362 -0.182743
0.01363 -0.182435
0.01364 -0.182125
0.01365 -0.181812
0.01366 -0.181497
0.01367 -0.181179
0.01368 -0.180858
0.01369 -0.180535
0.0137 -0.180209
0.01371 -0.179881
0.01372 -0.17955
0.01373 -0.179217
0.01374 -0.178881
0.01375 -0.178542
0.01376 -0.178201
0.01377 -0.177858
0.01378 -0.177512
0.01379 -0.177163
0.0138 -0.176812
0.01381 -0.176458
0.01382 -0.176102
0.01383 -0.175743
0.01384 -0.175382
0.01385 -0.175019
0.01386 -0.174653
0.01387 -0.174284
0.01388 -0.173913
0.01389 -0.173539
0.0139 -0.173163
0.01391 -0.172785
0.01392 -0.172404
0.01393 -0.17202
0.01394 -0.171635
0.01395 -0.171246
0.01396 -0.170856
0.01397 -0.170462
0.01398 -0.170067
0.01399 -0.169669
0.014 -0.169269
0.01401 -0.168866
0.01402 -0.168461
0.01403 -0.168053
0.01404 -0.167643
0.01405 -0.16723
0.01406 -0.166816
0.01407 -0.166399
0.01408 -0.165979
0.01409 -0.165557
0.0141 -0.165133
0.01411 -0.164707
0.01412 -0.164278
0.01413 -0.163846
0.01414 -0.163413
0.01415 -0.162977
0.01416 -0.162539
0.01417 -0.162098
0.01418 -0.161656
0.01419 -0.16121
0.0142 -0.160763
0.01421 -0.160313
0.01422 -0.159862
0.01423 -0.159407
0.01424 -0.158951
0.01425 -0.158492
0.01426 -0.158031
0.01427 -0.157568
0.01428 -0.157102
0.01429 -0.156635
0.0143 -0.156165
0.01431 -0.155693
0.01432 -0.155218
0.01433 -0.154742
0.01434 -0.154263
0.01435 -0.153782
0.01436 -0.153299
0.01437 -0.152813
0.01438 -0.152326
0.01439 -0.151836
0.0144 -0.151344
0.01441 -0.15085
0.01442 -0.150354
0.01443 -0.149856
0.01444 -0.149356
0.01445 -0.148853
0.01446 -0.148349
0.01447 -0.147842
0.01448 -0.147333
0.01449 -0.146822
0.0145 -0.146309
0.01451 -0.145794
0.01452 -0.145277
0.01453 -0.144757
0.01454 -0.144236
0.01455 -0.143713
0.01456 -0.143187
0.01457 -0.14266
0.01458 -0.142131
0.01459 -0.141599
0.0146 -0.141066
0.01461 -0.14053
0.01462 -0.139993
0.01463 -0.139453
0.01464 -0.138912
0.01465 -0.138368
0.01466 -0.137823
0.01467 -0.137275
0.01468 -0.136726
0.01469 -0.136175
0.0147 -0.135622
0.01471 -0.135067
0.01472 -0.13451
0.01473 -0.133951
0.01474 -0.13339
0.01475 -0.132827
0.01476 -0.132263
0.01477 -0.131696
0.01478 -0.131128
0.01479 -0.130557
0.0148 -0.129985
0.01481 -0.129411
0.01482 -0.128836
0.01483 -0.128258
0.01484 -0.127679
0.01485 -0.127097
0.01486 -0.126514
0.01487 -0.125929
0.01488 -0.125343
0.01489 -0.124754
0.0149 -0.124164
0.01491 -0.123572
0.01492 -0.122978
0.01493 -0.122383
0.01494 -0.121786
0.01495 -0.121187
0.01496 -0.120586
0.01497 -0.119984
0.01498 -0.11938
0.01499 -0.118774
0.015 -0.118166
0.01501 -0.117557
0.01502 -0.116946
0.01503 -0.116334
0.01504 -0.11572
0.01505 -0.115104
0.01506 -0.114487
0.01507 -0.113867
0.01508 -0.113247
0.01509 -0.112625
0.0151 -0.112001
0.01511 -0.111375
0.01512 -0.110748
0.01513 -0.11012
0.01514 -0.109489
0.01515 -0.108858
0.01516 -0.108224
0.01517 -0.10759
0.01518 -0.106953
0.01519 -0.106315
0.0152 -0.105676
0.01521 -0.105035
0.01522 -0.104393
0.01523 -0.103749
0.01524 -0.103104
0.01525 -0.102457
0.01526 -0.101808
0.01527 -0.101159
0.01528 -0.100508
0.01529 -0.0998549
0.0153 -0.099201
0.01531 -0.0985456
0.01532 -0.0978888
0.01533 -0.0972306
0.01534 -0.0965711
0.01535 -0.09591
0.01536 -0.0952478
0.01537 -0.0945841
0.01538 -0.0939191
0.01539 -0.0932527
0.0154 -0.0925851
0.01541 -0.0919161
0.01542 -0.0912459
0.01543 -0.0905742
0.01544 -0.0899014
0.01545 -0.0892272
0.01546 -0.0885518
0.01547 -0.0878751
0.01548 -0.0871972
0.01549 -0.086518
0.0155 -0.0858377
0.01551 -0.085156
0.01552 -0.0844732
0.01553 -0.0837891
0.01554 -0.083104
0.01555 -0.0824175
0.01556 -0.08173
0.01557 -0.0810412
0.01558 -0.0803514
0.01559 -0.0796603
0.0156 -0.0789682
0.01561 -0.0782748
0.01562 -0.0775805
0.01563 -0.0768849
0.01564 -0.0761884
0.01565 -0.0754907
0.01566 -0.074792
0.01567 -0.0740921
0.01568 -0.0733914
0.01569 -0.0726894
0.0157 -0.0719865
0.01571 -0.0712825
0.01572 -0.0705776
0.01573 -0.0698715
0.01574 -0.0691646
0.01575 -0.0684566
0.01576 -0.0677478
0.01577 -0.0670378
0.01578 -0.066327
0.01579 -0.0656152
0.0158 -0.0649025
0.01581 -0.0641888
0.01582 -0.0634744
0.01583 -0.0627588
0.01584 -0.0620426
0.01585 -0.0613253
0.01586 -0.0606072
0.01587 -0.0598882
0.01588 -0.0591685
0.01589 -0.0584477
0.0159 -0.0577263
0.01591 -0.057004
0.01592 -0.0562809
0.01593 -0.0555569
0.01594 -0.0548323
0.01595 -0.0541068
0.01596 -0.0533806
0.01597 -0.0526535
0.01598 -0.0519258
0.01599 -0.0511972
0.016 -0.0504681
0.01601 -0.0497381
0.01602 -0.0490075
0.01603 -0.0482761
0.01604 -0.0475441
0.01605 -0.0468114
0.01606 -0.0460781
0.01607 -0.045344
0.01608 -0.0446094
0.01609 -0.043874
0.0161 -0.0431382
0.01611 -0.0424015
0.01612 -0.0416645
0.01613 -0.0409267
0.01614 -0.0401884
0.01615 -0.0394494
0.01616 -0.0387101
0.01617 -0.03797
0.01618 -0.0372295
0.01619 -0.0364884
0.0162 -0.0357469
0.01621 -0.0350047
0.01622 -0.0342622
0.01623 -0.0335191
0.01624 -0.0327756
0.01625 -0.0320315
0.01626 -0.0312871
0.01627 -0.0305421
0.01628 -0.0297968
0.01629 -0.0290509
0.0163 -0.0283048
0.01631 -0.0275582
0.01632 -0.0268113
0.01633 -0.0260638
0.01634 -0.0253162
0.01635 -0.024568
0.01636 -0.0238196
0.01637 -0.0230708
0.01638 -0.0223217
0.01639 -0.0215722
0.0164 -0.0208226
0.01641 -0.0200725
0.01642 -0.0193222
0.01643 -0.0185715
0.01644 -0.0178208
0.01645 -0.0170696
0.01646 -0.0163183
0.01647 -0.0155666
0.01648 -0.0148149
0.01649 -0.0140628
0.0165 -0.0133107
0.01651 -0.0125582
0.01652 -0.0118057
0.01653 -0.0110529
0.01654 -0.0103001
0.01655 -0.00954692
0.01656 -0.00879381
0.01657 -0.00804042
0.01658 -0.00728707
0.01659 -0.00653346
0.0166 -0.00577992
0.01661 -0.00502613
0.01662 -0.00427243
0.01663 -0.00351851
0.01664 -0.0027647
0.01665 -0.0020107
0.01666 -0.00125682
0.01667 -0.000502765
0.01668 0.000251137
0.01669 0.00100519
0.0167 0.00175908
0.01671 0.0025131
0.01672 0.00326692
0.01673 0.00402086
0.01674 0.00477458
0.01675 0.00552839
0.01676 0.00628196
0.01677 0.0070356
0.01678 0.00778899
0.01679 0.00854242
0.0168 0.00929557
0.01681 0.0100488
0.01682 0.0108016
0.01683 0.0115545
0.01684 0.0123071
0.01685 0.0130596
0.01686 0.0138118
0.01687 0.014564
0.01688 0.0153158
0.01689 0.0160675
0.0169 0.0168189
0.01691 0.0175701
0.01692 0.018321
0.01693 0.0190717
0.01694 0.0198221
0.01695 0.0205723
0.01696 0.021322
0.01697 0.0220717
0.01698 0.0228208
0.01699 0.0235698
0.017 0.0243182
0.01701 0.0250665
0.01702 0.0258143
0.01703 0.0265619
0.01704 0.0273089
0.01705 0.0280557
0.01706 0.028802
0.01707 0.029548
0.01708 0.0302934
0.01709 0.0310385
0.0171 0.0317831
0.01711 0.0325273
0.01712 0.033271
0.01713 0.0340143
0.01714 0.0347569
0.01715 0.0354993
0.01716 0.036241
0.01717 0.0369823
0.01718 0.0377229
0.01719 0.0384632
0.0172 0.0392027
0.01721 0.0399419
0.01722 0.0406803
0.01723 0.0414183
0.01724 0.0421556
0.01725 0.0428924
0.01726 0.0436285
0.01727 0.0443641
0.01728 0.0450989
0.01729 0.0458332
0.0173 0.0465667
0.01731 0.0472997
0.01732 0.0480319
0.01733 0.0487635
0.01734 0.0494943
0.01735 0.0502246
0.01736 0.050954
0.01737 0.0516828
0.01738 0.0524107
0.01739 0.053138
0.0174 0.0538645
0.01741 0.0545903
0.01742 0.0553152
0.01743 0.0560394
0.01744 0.0567627
0.01745 0.0574854
0.01746 0.0582071
0.01747 0.0589281
0.01748 0.0596481
0.01749 0.0603674
0.0175 0.0610857
0.01751 0.0618033
0.01752 0.0625199
0.01753 0.0632357
0.01754 0.0639505
0.01755 0.0646645
0.01756 0.0653774
0.01757 0.0660896
0.01758 0.0668007
0.01759 0.067511
0.0176 0.0682201
0.01761 0.0689285
0.01762 0.0696357
0.01763 0.0703421
0.01764 0.0710473
0.01765 0.0717517
0.01766 0.0724549
0.01767 0.0731572
0.01768 0.0738584
0.01769 0.0745586
0.0177 0.0752576
0.01771 0.0759557
0.01772 0.0766526
0.01773 0.0773485
0.01774 0.0780432
0.01775 0.0787369
0.01776 0.0794294
0.01777 0.0801209
0.01778 0.0808111
0.01779 0.0815003
0.0178 0.0821882
0.01781 0.082875
0.01782 0.0835606
0.01783 0.0842451
0.01784 0.0849282
0.01785 0.0856103
0.01786 0.086291
0.01787 0.0869707
0.01788 0.087649
0.01789 0.0883261
0.0179 0.0890019
0.01791 0.0896765
0.01792 0.0903498
0.01793 0.0910219
0.01794 0.0916925
0.01795 0.092362
0.01796 0.09303
0.01797 0.0936969
0.01798 0.0943623
0.01799 0.0950265
0.018 0.0956892
0.01801 0.0963506
0.01802 0.0970106
0.01803 0.0976693
0.01804 0.0983265
0.01805 0.0989825
0.01806 0.0996369
0.01807 0.10029
0.01808 0.100942
0.01809 0.101592
0.0181 0.10224
0.01811 0.102888
0.01812 0.103534
0.01813 0.104178
0.01814 0.104821
0.01815 0.105462
0.01816 0.106102
0.01817 0.106741
0.01818 0.107377
0.01819 0.108013
0.0182 0.108646
0.01821 0.109279
0.01822 0.109909
0.01823 0.110539
0.01824 0.111166
0.01825 0.111792
0.01826 0.112417
0.01827 0.113039
0.01828 0.113661
0.01829 0.11428
0.0183 0.114898
0.01831 0.115514
0.01832 0.116129
0.01833 0.116742
0.01834 0.117353
0.01835 0.117963
0.01836 0.118571
0.01837 0.119178
0.01838 0.119782
0.01839 0.120385
0.0184 0.120986
0.01841 0.121586
0.01842 0.122184
0.01843 0.12278
0.01844 0.123374
0.01845 0.123967
0.01846 0.124557
0.01847 0.125146
0.01848 0.125734
0.01849 0.126319
0.0185 0.126903
0.01851 0.127485
0.01852 0.128065
0.01853 0.128643
0.01854 0.129219
0.01855 0.129794
0.01856 0.130367
0.01857 0.130938
0.01858 0.131506
0.01859 0.132074
0.0186 0.132639
0.01861 0.133202
0.01862 0.133764
0.01863 0.134323
0.01864 0.134881
0.01865 0.135437
0.01866 0.135991
0.01867 0.136542
0.01868 0.137092
0.01869 0.13764
0.0187 0.138186
0.01871 0.138731
0.01872 0.139273
0.01873 0.139813
0.01874 0.140351
0.01875 0.140887
0.01876 0.141421
0.01877 0.141953
0.01878 0.142483
0.01879 0.143012
0.0188 0.143538
0.01881 0.144062
0.01882 0.144584
0.01883 0.145104
0.01884 0.145621
0.01885 0.146137
0.01886 0.146651
0.01887 0.147163
0.01888 0.147672
0.01889 0.14818
0.0189 0.148685
0.01891 0.149188
0.01892 0.149689
0.01893 0.150188
0.01894 0.150685
0.01895 0.15118
0.01896 0.151672
0.01897 0.152163
0.01898 0.152651
0.01899 0.153137
0.019 0.153621
0.01901 0.154103
0.01902 0.154582
0.01903 0.155059
0.01904 0.155534
0.01905 0.156007
0.01906 0.156478
0.01907 0.156947
0.01908 0.157413
0.01909 0.157877
0.0191 0.158338
0.01911 0.158798
0.01912 0.159255
0.01913 0.15971
0.01914 0.160163
0.01915 0.160613
0.01916 0.161061
0.01917 0.161507
0.01918 0.161951
0.01919 0.162392
0.0192 0.162831
0.01921 0.163268
0.01922 0.163702
0.01923 0.164134
0.01924 0.164564
0.01925 0.164991
0.01926 0.165416
0.01927 0.165839
0.01928 0.166259
0.01929 0.166677
0.0193 0.167092
0.01931 0.167506
0.01932 0.167916
0.01933 0.168325
0.01934 0.168731
0.01935 0.169134
0.01936 0.169535
0.01937 0.169934
0.01938 0.170331
0.01939 0.170725
0.0194 0.171116
0.01941 0.171505
0.01942 0.171892
0.01943 0.172276
0.01944 0.172658
0.01945 0.173037
0.01946 0.173414
0.01947 0.173788
0.01948 0.17416
0.01949 0.17453
0.0195 0.174897
0.01951 0.175261
0.01952 0.175623
0.01953 0.175983
0.01954 0.17634
0.01955 0.176694
0.01956 0.177046
0.01957 0.177396
0.01958 0.177743
0.01959 0.178087
0.0196 0.178429
0.01961 0.178768
0.01962 0.179105
0.01963 0.179439
0.01964 0.179771
0.01965 0.1801
0.01966 0.180427
0.01967 0.180751
0.01968 0.181072
0.01969 0.181391
0.0197 0.181707
0.01971 0.182021
0.01972 0.182332
0.01973 0.182641
0.01974 0.182947
0.01975 0.18325
0.01976 0.183551
0.01977 0.183849
0.01978 0.184144
0.01979 0.184437
0.0198 0.184728
0.01981 0.185015
0.01982 0.1853
0.01983 0.185583
0.01984 0.185863
0.01985 0.18614
0.01986 0.186414
0.01987 0.186686
0.01988 0.186955
0.01989 0.187222
0.0199 0.187486
0.01991 0.187747
0.01992 0.188005
0.01993 0.188261
0.01994 0.188514
0.01995 0.188765
0.01996 0.189013
0.01997 0.189258
0.01998 0.1895
0.01999 0.18974
0.02 0.189977
0.02001 0.190211
0.02002 0.190443
0.02003 0.190672
0.02004 0.190898
0.02005 0.191122
0.02006 0.191342
0.02007 0.19156
0.02008 0.191776
0.02009 0.191988
0.0201 0.192198
0.02011 0.192406
0.02012 0.19261
0.02013 0.192812
0.02014 0.193011
0.02015 0.193207
0.02016 0.1934
0.02017 0.193591
0.02018 0.193779
0.02019 0.193964
0.0202 0.194147
0.02021 0.194326
0.02022 0.194503
0.02023 0.194677
0.02024 0.194849
0.02025 0.195017
0.02026 0.195183
0.02027 0.195346
0.02028 0.195507
0.02029 0.195664
0.0203 0.195819
0.02031 0.195971
0.02032 0.19612
0.02033 0.196267
0.02034 0.19641
0.02035 0.196551
0.02036 0.196689
0.02037 0.196824
0.02038 0.196957
0.02039 0.197086
0.0204 0.197213
0.02041 0.197337
0.02042 0.197458
0.02043 0.197577
0.02044 0.197692
0.02045 0.197805
0.02046 0.197915
0.02047 0.198022
0.02048 0.198127
0.02049 0.198228
0.0205 0.198327
0.02051 0.198423
0.02052 0.198516
0.02053 0.198606
0.02054 0.198694
0.02055 0.198778
0.02056 0.19886
0.02057 0.198939
0.02058 0.199015
0.02059 0.199089
0.0206 0.199159
0.02061 0.199227
0.02062 0.199292
0.02063 0.199354
0.02064 0.199413
0.02065 0.199469
0.02066 0.199522
0.02067 0.199573
0.02068 0.199621
0.02069 0.199666
0.0207 0.199708
0.02071 0.199747
0.02072 0.199784
0.02073 0.199818
0.02074 0.199848
0.02075 0.199876
0.02076 0.199901
0.02077 0.199924
0.02078 0.199943
0.02079 0.19996
0.0208 0.199973
0.02081 0.199984
0.02082 0.199992
0.02083 0.199998
0.02084 0.2
0.02085 0.199999
0.02086 0.199996
0.02087 0.19999
0.02088 0.199981
0.02089 0.199969
0.0209 0.199954
0.02091 0.199937
0.02092 0.199916
0.02093 0.199893
0.02094 0.199867
0.02095 0.199838
0.02096 0.199807
0.02097 0.199772
0.02098 0.199735
0.02099 0.199694
0.021 0.199651
0.02101 0.199605
0.02102 0.199557
0.02103 0.199505
0.02104 0.199451
0.02105 0.199393
0.02106 0.199333
0.02107 0.19927
0.02108 0.199204
0.02109 0.199136
0.0211 0.199064
0.02111 0.19899
0.02112 0.198913
0.02113 0.198833
0.02114 0.19875
0.02115 0.198665
0.02116 0.198577
0.02117 0.198485
0.02118 0.198391
0.02119 0.198294
0.0212 0.198195
0.02121 0.198092
0.02122 0.197987
0.02123 0.197879
0.02124 0.197768
0.02125 0.197654
0.02126 0.197538
0.02127 0.197418
0.02128 0.197296
0.02129 0.197171
0.0213 0.197043
0.02131 0.196913
0.02132 0.19678
0.02133 0.196643
0.02134 0.196504
0.02135 0.196363
0.02136 0.196218
0.02137 0.196071
0.02138 0.195921
0.02139 0.195768
0.0214 0.195612
0.02141 0.195454
0.02142 0.195292
0.02143 0.195128
0.02144 0.194962
0.02145 0.194792
0.02146 0.19462
0.02147 0.194445
0.02148 0.194267
0.02149 0.194086
0.0215 0.193903
0.02151 0.193717
0.02152 0.193528
0.02153 0.193336
0.02154 0.193142
0.02155 0.192945
0.02156 0.192745
0.02157 0.192542
0.02158 0.192337
0.02159 0.192129
0.0216 0.191918
0.02161 0.191704
0.02162 0.191488
0.02163 0.191269
0.02164 0.191047
0.02165 0.190823
0.02166 0.190596
0.02167 0.190366
0.02168 0.190134
0.02169 0.189898
0.0217 0.18966
0.02171 0.18942
0.02172 0.189176
0.02173 0.18893
0.02174 0.188682
0.02175 0.18843
0.02176 0.188176
0.02177 0.187919
0.02178 0.18766
0.02179 0.187398
0.0218 0.187133
0.02181 0.186866
0.02182 0.186596
0.02183 0.186323
0.02184 0.186048
0.02185 0.18577
0.02186 0.185489
0.02187 0.185206
0.02188 0.18492
0.02189 0.184631
0.0219 0.18434
0.02191 0.184046
0.02192 0.18375
0.02193 0.183451
0.02194 0.183149
0.02195 0.182845
0.02196 0.182538
0.02197 0.182229
0.02198 0.181917
0.02199 0.181602
0.022 0.181285
0.02201 0.180966
0.02202 0.180643
0.02203 0.180318
0.02204 0.179991
0.02205 0.179661
0.02206 0.179328
0.02207 0.178993
0.02208 0.178655
0.02209 0.178315
0.0221 0.177973
0.02211 0.177627
0.02212 0.17728
0.02213 0.176929
0.02214 0.176576
0.02215 0.176221
0.02216 0.175863
0.02217 0.175503
0.02218 0.17514
0.02219 0.174775
0.0222 0.174407
0.02221 0.174037
0.02222 0.173664
0.02223 0.173289
0.02224 0.172911
0.02225 0.172531
0.02226 0.172148
0.02227 0.171763
0.02228 0.171376
0.02229 0.170986
0.0223 0.170594
0.02231 0.170199
0.02232 0.169802
0.02233 0.169402
0.02234 0.169
0.02235 0.168596
0.02236 0.168189
0.02237 0.16778
0.02238 0.167368
0.02239 0.166954
0.0224 0.166538
0.02241 0.166119
0.02242 0.165698
0.02243 0.165275
0.02244 0.164849
0.02245 0.164421
0.02246 0.16399
0.02247 0.163558
0.02248 0.163123
0.02249 0.162685
0.0225 0.162245
0.02251 0.161804
0.02252 0.161359
0.02253 0.160913
0.02254 0.160464
0.02255 0.160012
0.02256 0.159559
0.02257 0.159103
0.02258 0.158645
0.02259 0.158185
0.0226 0.157722
0.02261 0.157258
0.02262 0.156791
0.02263 0.156322
0.02264 0.15585
0.02265 0.155377
0.02266 0.154901
0.02267 0.154423
0.02268 0.153942
0.02269 0.15346
0.0227 0.152975
0.02271 0.152489
0.02272 0.152
0.02273 0.151509
0.02274 0.151015
0.02275 0.15052
0.02276 0.150022
0.02277 0.149523
0.02278 0.149021
0.02279 0.148517
0.0228 0.148011
0.02281 0.147503
0.02282 0.146992
0.02283 0.14648
0.02284 0.145966
0.02285 0.145449
0.02286 0.144931
0.02287 0.14441
0.02288 0.143887
0.02289 0.143363
0.0229 0.142836
0.02291 0.142307
0.02292 0.141776
0.02293 0.141244
0.02294 0.140709
0.02295 0.140172
0.02296 0.139633
0.02297 0.139092
0.02298 0.13855
0.02299 0.138005
0.023 0.137458
0.02301 0.13691
0.02302 0.136359
0.02303 0.135806
0.02304 0.135252
0.02305 0.134696
0.02306 0.134137
0.02307 0.133577
0.02308 0.133015
0.02309 0.132451
0.0231 0.131885
0.02311 0.131317
0.02312 0.130748
0.02313 0.130176
0.02314 0.129603
0.02315 0.129028
0.02316 0.128451
0.02317 0.127872
0.02318 0.127291
0.02319 0.126709
0.0232 0.126124
0.02321 0.125538
0.02322 0.124951
0.02323 0.124361
0.02324 0.12377
0.02325 0.123176
0.02326 0.122582
0.02327 0.121985
0.02328 0.121387
0.02329 0.120786
0.0233 0.120185
0.02331 0.119581
0.02332 0.118976
0.02333 0.118369
0.02334 0.11776
0.02335 0.11715
0.02336 0.116538
0.02337 0.115925
0.02338 0.115309
0.02339 0.114693
0.0234 0.114074
0.02341 0.113454
0.02342 0.112832
0.02343 0.112209
0.02344 0.111584
0.02345 0.110957
0.02346 0.110329
0.02347 0.1097
0.02348 0.109068
0.02349 0.108436
0.0235 0.107801
0.02351 0.107166
0.02352 0.106528
0.02353 0.105889
0.02354 0.105249
0.02355 0.104607
0.02356 0.103964
0.02357 0.103319
0.02358 0.102672
0.02359 0.102025
0.0236 0.101375
0.02361 0.100725
0.02362 0.100073
0.02363 0.0994192
0.02364 0.0987642
0.02365 0.0981079
0.02366 0.0974501
0.02367 0.0967911
0.02368 0.0961305
0.02369 0.0954687
0.0237 0.0948055
0.02371 0.0941409
0.02372 0.093475
0.02373 0.0928078
0.02374 0.0921392
0.02375 0.0914694
0.02376 0.0907982
0.02377 0.0901258
0.02378 0.089452
0.02379 0.0887771
0.0238 0.0881008
0.02381 0.0874233
0.02382 0.0867445
0.02383 0.0860646
0.02384 0.0853833
0.02385 0.0847009
0.02386 0.0840173
0.02387 0.0833325
0.02388 0.0826464
0.02389 0.0819593
0.0239 0.0812709
0.02391 0.0805814
0.02392 0.0798908
0.02393 0.079199
0.02394 0.0785061
0.02395 0.0778121
0.02396 0.0771169
0.02397 0.0764207
0.02398 0.0757234
0.02399 0.075025
0.024 0.0743255
0.02401 0.0736251
0.02402 0.0729235
0.02403 0.0722209
0.02404 0.0715173
0.02405 0.0708127
0.02406 0.070107
0.02407 0.0694004
0.02408 0.0686927
0.02409 0.0679842
0.0241 0.0672746
0.02411 0.0665641
0.02412 0.0658526
0.02413 0.0651402
0.02414 0.0644268
0.02415 0.0637126
0.02416 0.0629974
0.02417 0.0622814
0.02418 0.0615644
0.02419 0.0608467
0.0242 0.060128
0.02421 0.0594085
0.02422 0.0586881
0.02423 0.0579669
0.02424 0.0572448
0.02425 0.056522
0.02426 0.0557983
0.02427 0.0550739
0.02428 0.0543487
0.02429 0.0536227
0.0243 0.0528959
0.02431 0.0521685
0.02432 0.0514402
0.02433 0.0507112
0.02434 0.0499815
0.02435 0.0492511
0.02436 0.04852
0.02437 0.0477882
0.02438 0.0470557
0.02439 0.0463226
0.0244 0.0455887
0.02441 0.0448543
0.02442 0.0441192
0.02443 0.0433835
0.02444 0.0426471
0.02445 0.0419102
0.02446 0.0411726
0.02447 0.0404346
0.02448 0.0396958
0.02449 0.0389566
0.0245 0.0382167
0.02451 0.0374764
0.02452 0.0367355
0.02453 0.0359941
0.02454 0.0352522
0.02455 0.0345098
0.02456 0.0337668
0.02457 0.0330235
0.02458 0.0322796
0.02459 0.0315353
0.0246 0.0307905
0.02461 0.0300453
0.02462 0.0292996
0.02463 0.0285536
0.02464 0.0278071
0.02465 0.0270603
0.02466 0.026313
0.02467 0.0255654
0.02468 0.0248174
0.02469 0.0240691
0.0247 0.0233204
0.02471 0.0225714
0.02472 0.0218221
0.02473 0.0210725
0.02474 0.0203225
0.02475 0.0195723
0.02476 0.0188218
0.02477 0.0180711
0.02478 0.01732
0.02479 0.0165688
0.0248 0.0158172
0.02481 0.0150655
0.02482 0.0143135
0.02483 0.0135614
0.02484 0.0128091
0.02485 0.0120566
0.02486 0.0113038
0.02487 0.010551
0.02488 0.00979798
0.02489 0.00904487
0.0249 0.00829156
0.02491 0.00753821
0.02492 0.00678467
0.02493 0.00603111
0.02494 0.00527739
0.02495 0.00452368
0.02496 0.00376982
0.02497 0.00301599
0.02498 0.00226203
0.02499 0.00150812
0.025 0.000754111
0.02501 1.71205e-07
0.02502 -0.00075385
0.02503 -0.00150778
0.02504 -0.00226177
0.02505 -0.00301564
0.02506 -0.00376956
0.02507 -0.00452334
0.02508 -0.00527713
0.02509 -0.00603077
0.0251 -0.00678441
0.02511 -0.00753787
0.02512 -0.0082913
0.02513 -0.00904453
0.02514 -0.00979772
0.02515 -0.0105507
0.02516 -0.0113036
0.02517 -0.0120562
0.02518 -0.0128088
0.02519 -0.0135611
0.0252 -0.0143133
0.02521 -0.0150652
0.02522 -0.015817
0.02523 -0.0165684
0.02524 -0.0173197
0.02525 -0.0180707
0.02526 -0.0188215
0.02527 -0.019572
0.02528 -0.0203223
0.02529 -0.0210721
0.0253 -0.0218218
0.02531 -0.0225711
0.02532 -0.0233202
0.02533 -0.0240688
0.02534 -0.0248172
0.02535 -0.0255651
0.02536 -0.0263127
0.02537 -0.0270599
0.02538 -0.0278068
0.02539 -0.0285533
0.0254 -0.0292994
0.02541 -0.0300449
0.02542 -0.0307902
0.02543 -0.0315349
0.02544 -0.0322793
0.02545 -0.0330231
0.02546 -0.0337666
0.02547 -0.0345094
0.02548 -0.0352519
0.02549 -0.0359938
0.0255 -0.0367352
0.02551 -0.0374761
0.02552 -0.0382165
0.02553 -0.0389563
0.02554 -0.0396956
0.02555 -0.0404342
0.02556 -0.0411724
0.02557 -0.0419099
0.02558 -0.0426469
0.02559 -0.0433832
0.0256 -0.0441189
0.02561 -0.044854
0.02562 -0.0455885
0.02563 -0.0463222
0.02564 -0.0470554
0.02565 -0.0477879
0.02566 -0.0485197
0.02567 -0.0492508
0.02568 -0.0499812
0.02569 -0.0507109
0.0257 -0.0514399
0.02571 -0.0521681
0.02572 -0.0528957
0.02573 -0.0536224
0.02574 -0.0543484
0.02575 -0.0550736
0.02576 -0.0557981
0.02577 -0.0565217
0.02578 -0.0572446
0.02579 -0.0579666
0.0258 -0.0586878
0.02581 -0.0594082
0.02582 -0.0601277
0.02583 -0.0608464
0.02584 -0.0615642
0.02585 -0.0622811
0.02586 -0.0629972
0.02587 -0.0637123
0.02588 -0.0644266
0.02589 -0.0651399
0.0259 -0.0658523
0.02591 -0.0665637
0.02592 -0.0672743
0.02593 -0.0679838
0.02594 -0.0686925
0.02595 -0.0694001
0.02596 -0.0701067
0.02597 -0.0708123
0.02598 -0.071517
0.02599 -0.0722206
0.026 -0.0729232
0.02601 -0.0736248
0.02602 -0.0743253
0.02603 -0.0750247
0.02604 -0.0757231
0.02605 -0.0764204
0.02606 -0.0771167
0.02607 -0.0778118
0.02608 -0.0785058
0.02609 -0.0791987
0.0261 -0.0798905
0.02611 -0.0805811
0.02612 -0.0812707
0.02613 -0.081959
0.02614 -0.0826462
0.02615 -0.0833322
0.02616 -0.084017
0.02617 -0.0847006
0.02618 -0.0853831
0.02619 -0.0860643
0.0262 -0.0867443
0.02621 -0.087423
0.02622 -0.0881005
0.02623 -0.0887768
0.02624 -0.0894518
0.02625 -0.0901255
0.02626 -0.090798
0.02627 -0.0914691
0.02628 -0.092139
0.02629 -0.0928075
0.0263 -0.0934748
0.02631 -0.0941406
0.02632 -0.0948052
0.02633 -0.0954684
0.02634 -0.0961303
0.02635 -0.0967908
0.02636 -0.0974499
0.02637 -0.0981076
0.02638 -0.098764
0.02639 -0.0994189
0.0264 -0.100072
0.02641 -0.100724
0.02642 -0.101375
0.02643 -0.102024
0.02644 -0.102672
0.02645 -0.103318
0.02646 -0.103963
0.02647 -0.104607
0.02648 -0.105249
0.02649 -0.105889
0.0265 -0.106528
0.02651 -0.107165
0.02652 -0.107801
0.02653 -0.108435
0.02654 -0.109068
0.02655 -0.109699
0.02656 -0.110329
0.02657 -0.110957
0.02658 -0.111584
0.02659 -0.112209
0.0266 -0.112832
0.02661 -0.113454
0.02662 -0.114074
0.02663 -0.114692
0.02664 -0.115309
0.02665 -0.115924
0.02666 -0.116538
0.02667 -0.11715
0.02668 -0.11776
0.02669 -0.118369
0.0267 -0.118976
0.02671 -0.119581
0.02672 -0.120184
0.02673 -0.120786
0.02674 -0.121386
0.02675 -0.121985
0.02676 -0.122581
0.02677 -0.123176
0.02678 -0.123769
0.02679 -0.124361
0.0268 -0.12495
0.02681 -0.125538
0.02682 -0.126124
0.02683 -0.126708
0.02684 -0.127291
0.02685 -0.127872
0.02686 -0.12845
0.02687 -0.129027
0.02688 -0.129603
0.02689 -0.130176
0.0269 -0.130747
0.02691 -0.131317
0.02692 -0.131885
0.02693 -0.132451
0.02694 -0.133015
0.02695 -0.133577
0.02696 -0.134137
0.02697 -0.134695
0.02698 -0.135252
0.02699 -0.135806
0.027 -0.136359
0.02701 -0.136909
0.02702 -0.137458
0.02703 -0.138005
0.02704 -0.138549
0.02705 -0.139092
0.02706 -0.139633
0.02707 -0.140172
0.02708 -0.140709
0.02709 -0.141243
0.0271 -0.141776
0.02711 -0.142307
0.02712 -0.142836
0.02713 -0.143363
0.02714 -0.143887
0.02715 -0.14441
0.02716 -0.144931
0.02717 -0.145449
0.02718 -0.145966
0.02719 -0.14648
0.0272 -0.146992
0.02721 -0.147503
0.02722 -0.148011
0.02723 -0.148517
0.02724 -0.149021
0.02725 -0.149522
0.02726 -0.150022
0.02727 -0.15052
0.02728 -0.151015
0.02729 -0.151508
0.0273 -0.151999
0.02731 -0.152488
0.02732 -0.152975
0.02733 -0.15346
0.02734 -0.153942
0.02735 -0.154422
0.02736 -0.154901
0.02737 -0.155376
0.02738 -0.15585
0.02739 -0.156321
0.0274 -0.156791
0.02741 -0.157258
0.02742 -0.157722
0.02743 -0.158185
0.02744 -0.158645
0.02745 -0.159103
0.02746 -0.159559
0.02747 -0.160012
0.02748 -0.160463
0.02749 -0.160912
0.0275 -0.161359
0.02751 -0.161803
0.02752 -0.162245
0.02753 -0.162685
0.02754 -0.163122
0.02755 -0.163558
0.02756 -0.16399
0.02757 -0.164421
0.02758 -0.164849
0.02759 -0.165275
0.0276 -0.165698
0.02761 -0.166119
0.02762 -0.166538
0.02763 -0.166954
0.02764 -0.167368
0.02765 -0.16778
0.02766 -0.168189
0.02767 -0.168596
0.02768 -0.169
0.02769 -0.169402
0.0277 -0.169802
0.02771 -0.170199
0.02772 -0.170594
0.02773 -0.170986
0.02774 -0.171376
0.02775 -0.171763
0.02776 -0.172148
0.02777 -0.172531
0.02778 -0.172911
0.02779 -0.173289
0.0278 -0.173664
0.02781 -0.174037
0.02782 -0.174407
0.02783 -0.174775
0.02784 -0.17514
0.02785 -0.175503
0.02786 -0.175863
0.02787 -0.176221
0.02788 -0.176576
0.02789 -0.176929
0.0279 -0.177279
0.02791 -0.177627
0.02792 -0.177972
0.02793 -0.178315
0.02794 -0.178655
0.02795 -0.178993
0.02796 -0.179328
0.02797 -0.179661
0.02798 -0.179991
0.02799 -0.180318
0.028 -0.180643
0.02801 -0.180965
0.02802 -0.181285
0.02803 -0.181602
0.02804 -0.181917
0.02805 -0.182229
0.02806 -0.182538
0.02807 -0.182845
0.02808 -0.183149
0.02809 -0.183451
0.0281 -0.18375
0.02811 -0.184046
0.02812 -0.18434
0.02813 -0.184631
0.02814 -0.18492
0.02815 -0.185206
0.02816 -0.185489
0.02817 -0.18577
0.02818 -0.186048
0.02819 -0.186323
0.0282 -0.186596
0.02821 -0.186866
0.02822 -0.187133
0.02823 -0.187398
0.02824 -0.18766
0.02825 -0.187919
0.02826 -0.188176
0.02827 -0.18843
0.02828 -0.188682
0.02829 -0.18893
0.0283 -0.189176
0.02831 -0.18942
0.02832 -0.18966
0.02833 -0.189898
0.02834 -0.190133
0.02835 -0.190366
0.02836 -0.190596
0.02837 -0.190823
0.02838 -0.191047
0.02839 -0.191269
0.0284 -0.191488
0.02841 -0.191704
0.02842 -0.191918
0.02843 -0.192129
0.02844 -0.192337
0.02845 -0.192542
0.02846 -0.192745
0.02847 -0.192945
0.02848 -0.193142
0.02849 -0.193336
0.0285 -0.193528
0.02851 -0.193717
0.02852 -0.193903
0.02853 -0.194086
0.02854 -0.194267
0.02855 -0.194445
0.02856 -0.19462
0.02857 -0.194792
0.02858 -0.194962
0.02859 -0.195128
0.0286 -0.195292
0.02861 -0.195454
0.02862 -0.195612
0.02863 -0.195768
0.02864 -0.195921
0.02865 -0.196071
0.02866 -0.196218
0.02867 -0.196363
0.02868 -0.196504
0.02869 -0.196643
0.0287 -0.196779
0.02871 -0.196913
0.02872 -0.197043
0.02873 -0.197171
0.02874 -0.197296
0.02875 -0.197418
0.02876 -0.197538
0.02877 -0.197654
0.02878 -0.197768
0.02879 -0.197879
0.0288 -0.197987
0.02881 -0.198092
0.02882 -0.198195
0.02883 -0.198294
0.02884 -0.198391
0.02885 -0.198485
0.02886 -0.198577
0.02887 -0.198665
0.02888 -0.19875
0.02889 -0.198833
0.0289 -0.198913
0.02891 -0.19899
0.02892 -0.199064
0.02893 -0.199136
0.02894 -0.199204
0.02895 -0.19927
0.02896 -0.199333
0.02897 -0.199393
0.02898 -0.199451
0.02899 -0.199505
0.029 -0.199557
0.02901 -0.199605
0.02902 -0.199651
0.02903 -0.199694
0.02904 -0.199735
0.02905 -0.199772
0.02906 -0.199807
0.02907 -0.199838
0.02908 -0.199867
0.02909 -0.199893
0.0291 -0.199916
0.02911 -0.199937
0.02912 -0.199954
0.02913 -0.199969
0.02914 -0.199981
0.02915 -0.19999
0.02916 -0.199996
0.02917 -0.199999
0.02918 -0.2
0.02919 -0.199997
0.0292 -0.199992
0.02921 -0.199984
0.02922 -0.199973
0.02923 -0.19996
0.02924 -0.199943
0.02925 -0.199924
0.02926 -0.199901
0.02927 -0.199876
0.02928 -0.199848
0.02929 -0.199817
0.0293 -0.199784
0.02931 -0.199747
0.02932 -0.199708
0.02933 -0.199666
0.02934 -0.199621
0.02935 -0.199573
0.02936 -0.199523
0.02937 -0.199469
0.02938 -0.199413
0.02939 -0.199354
0.0294 -0.199292
0.02941 -0.199227
0.02942 -0.199159
0.02943 -0.199089
0.02944 -0.199015
0.02945 -0.198939
0.02946 -0.19886
0.02947 -0.198778
0.02948 -0.198694
0.02949 -0.198606
0.0295 -0.198516
0.02951 -0.198423
0.02952 -0.198327
0.02953 -0.198228
0.02954 -0.198127
0.02955 -0.198022
0.02956 -0.197915
0.02957 -0.197805
0.02958 -0.197692
0.02959 -0.197577
0.0296 -0.197458
0.02961 -0.197337
0.02962 -0.197213
0.02963 -0.197086
0.02964 -0.196957
0.02965 -0.196824
0.02966 -0.196689
0.02967 -0.196551
0.02968 -0.19641
0.02969 -0.196267
0.0297 -0.19612
0.02971 -0.195971
0.02972 -0.195819
0.02973 -0.195664
0.02974 -0.195507
0.02975 -0.195346
0.02976 -0.195183
0.02977 -0.195018
0.02978 -0.194849
0.02979 -0.194677
0.0298 -0.194503
0.02981 -0.194326
0.02982 -0.194147
0.02983 -0.193964
0.02984 -0.193779
0.02985 -0.193591
0.02986 -0.1934
0.02987 -0.193207
0.02988 -0.193011
0.02989 -0.192812
0.0299 -0.19261
0.02991 -0.192406
0.02992 -0.192198
0.02993 -0.191988
0.02994 -0.191776
0.02995 -0.191561
0.02996 -0.191342
0.02997 -0.191122
0.02998 -0.190898
0.02999 -0.190672
0.03 -0.190443
