0.0 0.0
5.0e-05 0.00067412614747
0.0001 0.00252211014706
0.00015 0.0051677434544
0.0002 0.00822420045694
0.00025 0.0113711325847
0.0003 0.0144039824211
0.00035 0.0172497623251
0.0004 0.0199517421604
0.00045 0.0226317520219
0.0005 0.0254421194334
0.00055 0.0285194171527
0.0006 0.0319497106993
0.00065 0.0357508489419
0.0007 0.0398727197871
0.00075 0.0442123654111
0.0008 0.0486381859821
0.00085 0.053016495299
0.0009 0.0572343405626
0.00095 0.0612143435149
0.001 0.0649197646767
0.00105 0.0683503971272
0.0011 0.0715317625224
0.00115 0.0745010912795
0.0012 0.0772936591616
0.00125 0.0799323570833
0.0013 0.0824221778426
0.00135 0.0847499529882
0.0014 0.0868884830624
0.00145 0.0888034067883
0.0015 0.0904608458164
0.00155 0.0918340298319
0.0016 0.0929076376113
0.00165 0.0936792894876
0.0017 0.0941583417969
0.00175 0.0943626834792
0.0018 0.0943145428973
0.00185 0.0940363535582
0.0019 0.0935475331117
0.00195 0.0928626847535
0.002 0.0919913386602
0.00205 0.0909389991993
0.0021 0.0897090222894
0.00215 0.0883047527229
0.0022 0.0867313904976
0.00225 0.0849972132048
0.0023 0.083113973739
0.00235 0.0810965126081
0.0024 0.078961780479
0.00245 0.0767275647563
0.0025 0.0744112249734
0.00255 0.0720286925918
0.0026 0.0695938861623
0.00265 0.0671185858072
0.0027 0.0646126982747
0.00275 0.0620847793068
0.0028 0.0595426457687
0.00285 0.0569939198825
0.0029 0.0544463976133
0.00295 0.0519081795896
0.003 0.0493875780864
0.00305 0.0468928522425
0.0031 0.0444318555057
0.00315 0.0420116876672
0.0032 0.0396384216647
0.00325 0.0373169556538
0.0033 0.0350510001644
0.00335 0.0328431835451
0.0034 0.0306952377697
0.00345 0.0286082122589
0.0035 0.026582672619
0.00355 0.0246188489581
0.0036 0.0227167181647
0.00365 0.0208760168137
0.0037 0.0190962065895
0.00375 0.0173764100722
0.0038 0.0157153468024
0.00385 0.0141112903102
0.0039 0.0125620582639
0.00395 0.0110650427963
0.004 0.00961727295569
0.00405 0.00821550046693
0.0041 0.00685629201895
0.00415 0.00553611648005
0.0042 0.00425141546561
0.00425 0.00299865293038
0.0043 0.00177434165243
0.00435 0.00057505429868
0.0044 -0.000602576532629
0.00445 -0.00176186208191
0.0045 -0.00290605626138
0.00455 -0.00403834688517
0.0046 -0.00516183891562
0.00465 -0.00627952800616
0.0047 -0.00739427071082
0.00475 -0.00850875436132
0.0048 -0.00962546831984
0.00485 -0.0107466846956
0.0049 -0.0118744443078
0.00495 -0.0130105512938
0.005 -0.014156575279
0.00505 -0.0153138562447
0.0051 -0.0164835133468
0.00515 -0.0176664522883
0.0052 -0.0188633721944
0.00525 -0.020074770648
0.0053 -0.0213009467829
0.00535 -0.0225420040667
0.0054 -0.0237978528183
0.00545 -0.0250682143909
0.0055 -0.0263526274709
0.00555 -0.027650456337
0.0056 -0.0289609022796
0.00565 -0.0302830165203
0.0057 -0.0316157140039
0.00575 -0.0329577889289
0.0058 -0.0343079277179
0.00585 -0.0356647239042
0.0059 -0.0370266906481
0.00595 -0.0383922720047
0.006 -0.0397598551364
0.00605 -0.0411277796743
0.0061 -0.0424943491133
0.00615 -0.0438578403025
0.0062 -0.0452165148903
0.00625 -0.0465686285935
0.0063 -0.0479124425023
0.00635 -0.0492462329184
0.0064 -0.05056830037
0.00645 -0.0518769788511
0.0065 -0.053170643634
0.00655 -0.0544477180235
0.0066 -0.0557066793709
0.00665 -0.0569460642663
0.0067 -0.0581644731514
0.00675 -0.0593605736864
0.0068 -0.060533104469
0.00685 -0.0616808768292
0.0069 -0.0628027779241
0.00695 -0.0638977722073
0.007 -0.0649649022195
0.00705 -0.0660032896345
0.0071 -0.0670121353438
0.00715 -0.0679907190471
0.0072 -0.0689383979867
0.00725 -0.0698546056401
0.0073 -0.0707388495839
0.00735 -0.0715907096007
0.0074 -0.0724098344541
0.00745 -0.0731959393529
0.0075 -0.0739488027687
0.00755 -0.0746682631495
0.0076 -0.0753542152697
0.00765 -0.0760066072184
0.0077 -0.0766254361113
0.00775 -0.0772107449992
0.0078 -0.0777626186357
0.00785 -0.0782811799014
0.0079 -0.0787665859228
0.00795 -0.0792190242859
0.008 -0.0796387092899
0.00805 -0.0800258783067
0.0081 -0.0803807883463
0.00815 -0.0807037125208
0.0082 -0.0809949369885
0.00825 -0.0812547578598
0.0083 -0.0814834782453
0.00835 -0.081681405702
0.0084 -0.0818488496705
0.00845 -0.0819861192213
0.0085 -0.0820935209273
0.00855 -0.0821713569991
0.0086 -0.0822199236408
0.00865 -0.0822395094219
0.0087 -0.0822303942015
0.00875 -0.0821928479211
0.0088 -0.0821271298429
0.00885 -0.0820334878496
0.0089 -0.0819121578561
0.00895 -0.0817633638266
0.009 -0.0815873174059
0.00905 -0.0813842180198
0.0091 -0.0811542530651
0.00915 -0.0808975984015
0.0092 -0.0806144187408
0.00925 -0.0803048681701
0.0093 -0.0799690908212
0.00935 -0.0796072219225
0.0094 -0.0792193883564
0.00945 -0.0788057098775
0.0095 -0.0783663000566
0.00955 -0.0779012672748
0.0096 -0.0774107159445
0.00965 -0.0768947475583
0.0097 -0.0763534619659
0.00975 -0.0757869585909
0.0098 -0.0751953373202
0.00985 -0.0745786999442
0.0099 -0.073937151215
0.00995 -0.0732707997319
0.01 -0.0725797597217
0.01005 -0.071864151148
0.0101 -0.071124101491
0.01015 -0.0703597458568
0.0102 -0.0695712289787
0.01025 -0.0687587054378
0.0103 -0.0679223397775
0.01035 -0.0670623086111
0.0104 -0.0661788001819
0.01045 -0.065272015362
0.0105 -0.0643421677673
0.01055 -0.0633894849797
0.0106 -0.0624142082186
0.01065 -0.0614165923418
0.0107 -0.0603969072943
0.01075 -0.059355436777
0.0108 -0.0582924794736
0.01085 -0.0572083484968
0.0109 -0.0561033712831
0.01095 -0.0549778898164
0.011 -0.0538322605236
0.01105 -0.0526668536101
0.0111 -0.0514820530667
0.01115 -0.0502782562282
0.0112 -0.0490558738912
0.01125 -0.0478153294294
0.0113 -0.0465570582459
0.01135 -0.0452815081093
0.0114 -0.0439891376078
0.01145 -0.0426804165966
0.0115 -0.0413558252072
0.01155 -0.0400158532958
0.0116 -0.0386610001193
0.01165 -0.0372917734511
0.0117 -0.035908689146
0.01175 -0.034512271256
0.0118 -0.0331030497079
0.01185 -0.0316815619738
0.0119 -0.0302483508601
0.01195 -0.028803964735
0.012 -0.0273489564284
0.01205 -0.0258838832369
0.0121 -0.0244093066016
0.01215 -0.0229257904484
0.0122 -0.0214339019755
0.01225 -0.0199342107716
0.0123 -0.0184272880494
0.01235 -0.0169137063189
0.0124 -0.0153940393988
0.01245 -0.0138688618676
0.0125 -0.012338748076
0.01255 -0.0108042730418
0.0126 -0.00926601079665
0.01265 -0.00772453483641
0.0127 -0.00618041802279
0.01275 -0.00463423159093
0.0128 -0.00308654516175
0.01285 -0.00153792752642
0.0129 1.1055228627e-05
0.01295 0.00155983882593
0.013 0.00310786122853
0.01305 0.00465456307634
0.0131 0.0061993870072
0.01315 0.00774177898134
0.0132 0.00928118715815
0.01325 0.0108170631095
0.0133 0.0123488614734
0.01335 0.01387603928
0.0134 0.0153980576036
0.01345 0.0169143805549
0.0135 0.0184244751573
0.01355 0.0199278126702
0.0136 0.0214238669105
0.01365 0.0229121159096
0.0137 0.0243920410115
0.01375 0.0258631276417
0.0138 0.027324864294
0.01385 0.0287767438549
0.0139 0.0302182630341
0.01395 0.0316489220235
0.014 0.0330682255933
0.01405 0.0344756823065
0.0141 0.0358708048381
0.01415 0.0372531102999
0.0142 0.0386221200043
0.01425 0.0399773601222
0.0143 0.0413183605588
0.01435 0.0426446564997
0.0144 0.043955787731
0.01445 0.0452512988525
0.0145 0.0465307392645
0.01455 0.0477936639364
0.0146 0.0490396325049
0.01465 0.0502682103759
0.0147 0.0514789681556
0.01475 0.052671482309
0.0148 0.0538453349239
0.01485 0.0550001142579
0.0149 0.0561354142815
0.01495 0.0572508354464
0.015 0.0583459843401
0.01505 0.0594204745654
0.0151 0.0604739256179
0.01515 0.0615059649869
0.0152 0.0625162260336
0.01525 0.0635043499819
0.0153 0.0644699852392
0.01535 0.0654127875003
0.0154 0.0663324204009
0.01545 0.0672285552883
0.0155 0.0681008713758
0.01555 0.0689490560682
0.0156 0.069772805117
0.01565 0.0705718225018
0.0157 0.0713458208632
0.01575 0.072094521662
0.0158 0.0728176548907
0.01585 0.0735149597328
0.0159 0.0741861845515
0.01595 0.0748310864955
0.016 0.0754494326805
0.01605 0.0760409990462
0.0161 0.0766055715385
0.01615 0.0771429454655
0.0162 0.0776529261259
0.01625 0.07813532847
0.0163 0.0785899774229
0.01635 0.0790167080597
0.0164 0.0794153653879
0.01645 0.0797858046473
0.0165 0.0801278912733
0.01655 0.0804415009755
0.0166 0.0807265198084
0.01665 0.0809828441922
0.0167 0.0812103809731
0.01675 0.0814090474516
0.0168 0.0815787713906
0.01685 0.0817194910746
0.0169 0.081831155339
0.01695 0.0819137235017
0.017 0.0819671654724
0.01705 0.0819914617368
0.0171 0.0819866032238
0.01715 0.0819525915952
0.0172 0.0818894388495
0.01725 0.0817971676534
0.0173 0.0816758110853
0.01735 0.0815254127451
0.0174 0.0813460266917
0.01745 0.0811377173595
0.0175 0.0809005596907
0.01755 0.0806346388852
0.0176 0.0803400503948
0.01765 0.0800168999233
0.0177 0.0796653036431
0.01775 0.0792853875293
0.0178 0.0788772879106
0.01785 0.078441151025
0.0179 0.0779771330716
0.01795 0.0774854003224
0.018 0.0769661286747
0.01805 0.0764195040403
0.0181 0.0758457217325
0.01815 0.0752449871329
0.0182 0.0746175145794
0.01825 0.073963528422
0.0183 0.0732832618553
0.01835 0.072576957698
0.0184 0.0718448681684
0.01845 0.071087254
0.0185 0.0703043852163
0.01855 0.0694965411345
0.0186 0.068664009143
0.01865 0.0678070859265
0.0187 0.0669260764658
0.01875 0.0660212942643
0.0188 0.0650930613475
0.01885 0.0641417078235
0.0189 0.0631675718832
0.01895 0.0621710001382
0.019 0.0611523465111
0.01905 0.0601119733512
0.0191 0.0590502502141
0.01915 0.0579675544226
0.0192 0.0568642704018
0.01925 0.0557407902406
0.0193 0.054597512805
0.01935 0.0534348442998
0.0194 0.0522531972717
0.01945 0.0510529916151
0.0195 0.0498346532429
0.01955 0.0485986147591
0.0196 0.0473453150184
0.01965 0.0460751989115
0.0197 0.0447887172569
0.01975 0.04348632681
0.0198 0.0421684898214
0.01985 0.0408356741573
0.0199 0.0394883529698
0.01995 0.0381270045947
0.02 0.0367521121121
0.02005 0.0353641637991
0.0201 0.0339636522466
0.02015 0.0325510748124
0.0202 0.0311269328495
0.02025 0.0296917321597
0.0203 0.0282459821105
0.02035 0.0267901964225
0.0204 0.0253248916206
0.02045 0.0238505881549
0.0205 0.0223678097397
0.02055 0.0208770828096
0.0206 0.0193789369696
0.02065 0.0178739042288
0.0207 0.0163625190069
0.02075 0.0148453184781
0.0208 0.0133228411349
0.02085 0.0117956281316
0.0209 0.010264221848
0.02095 0.00872916656684
0.021 0.00719100726015
0.02105 0.00565029082217
0.0211 0.00410756441126
0.02115 0.0025633760173
0.0212 0.00101827480214
0.02125 -0.000527190664359
0.0213 -0.00207247117545
0.02135 -0.00361701720797
0.0214 -0.00516028046891
0.02145 -0.00670171210624
0.0215 -0.0082407645884
0.02155 -0.0097768910252
0.0216 -0.0113095453819
0.02165 -0.012838183021
0.0217 -0.0143622606944
0.02175 -0.015881236752
0.0218 -0.0173945715775
0.02185 -0.0189017271311
0.0219 -0.0204021678293
0.02195 -0.0218953604204
0.022 -0.0233807745309
0.02205 -0.0248578818754
0.0221 -0.0263261578021
0.02215 -0.0277850802797
0.0222 -0.0292341312216
0.02225 -0.030672795362
0.0223 -0.0321005613572
0.02235 -0.0335169222163
0.0224 -0.0349213744043
0.02245 -0.0363134188276
0.0225 -0.0376925608256
0.02255 -0.03905831049
0.0226 -0.0404101823226
0.02265 -0.0417476958888
0.0227 -0.0430703762523
0.02275 -0.0443777531846
0.0228 -0.0456693621555
0.02285 -0.04694474432
0.0229 -0.0482034466201
0.02295 -0.0494450215502
0.023 -0.0506690281467
0.02305 -0.0518750316428
0.0231 -0.0530626033482
0.02315 -0.0542313213022
0.0232 -0.0553807705988
0.02325 -0.0565105424849
0.0233 -0.0576202359069
0.02335 -0.0587094563871
0.0234 -0.0597778170151
0.02345 -0.0608249383238
0.0235 -0.0618504482815
0.02355 -0.0628539826124
0.0236 -0.0638351845666
0.02365 -0.0647937057961
0.0237 -0.0657292057361
0.02375 -0.0666413520374
0.0238 -0.067529820614
0.02385 -0.0683942960197
0.0239 -0.0692344709415
0.02395 -0.0700500469647
0.024 -0.0708407343995
0.02405 -0.0716062523247
0.0241 -0.0723463288031
0.02415 -0.0730607009812
0.0242 -0.0737491150269
0.02425 -0.0744113262852
0.0243 -0.0750470997161
0.02435 -0.0756562092724
0.0244 -0.076238438672
0.02445 -0.0767935810809
0.0245 -0.0773214391915
0.02455 -0.077821825545
0.0246 -0.0782945623597
0.02465 -0.0787394817148
0.0247 -0.0791564255183
0.02475 -0.0795452456216
0.0248 -0.079905803926
0.02485 -0.0802379722968
0.0249 -0.0805416327534
0.02495 -0.0808166773839
0.025 -0.0810630084865
0.02505 -0.0812805385259
0.0251 -0.0814691902068
0.02515 -0.081628896513
0.0252 -0.0817596006977
0.02525 -0.0818612562753
0.0253 -0.081933827178
0.02535 -0.0819772875816
0.0254 -0.0819916219863
0.02545 -0.0819768254033
0.0255 -0.0819329030058
0.02555 -0.0818598703583
0.0256 -0.0817577534143
0.02565 -0.0816265885098
0.0257 -0.0814664221679
0.02575 -0.0812773112866
0.0258 -0.0810593230545
0.02585 -0.0808125348898
0.0259 -0.0805370345781
0.02595 -0.0802329197675
0.026 -0.0799002986901
0.02605 -0.0795392894355
0.0261 -0.0791500201728
0.02615 -0.0787326294234
0.0262 -0.0782872652297
0.02625 -0.0778140860382
0.0263 -0.0773132597575
0.02635 -0.0767849644202
0.0264 -0.0762293877407
0.02645 -0.0756467270561
0.0265 -0.0750371894392
0.02655 -0.0744009913066
0.0266 -0.0737383589214
0.02665 -0.0730495275018
0.0267 -0.0723347418901
0.02675 -0.0715942559959
0.0268 -0.0708283329098
0.02685 -0.0700372449017
0.0269 -0.0692212726478
0.02695 -0.068380706561
0.027 -0.0675158450186
0.02705 -0.066626995361
0.0271 -0.0657144732297
0.02715 -0.0647786031221
0.0272 -0.0638197173969
0.02725 -0.0628381568295
0.0273 -0.0618342700619
0.02735 -0.0608084137142
0.0274 -0.0597609523902
0.02745 -0.058692258345
0.0275 -0.0576027110473
0.02755 -0.0564926978464
0.0276 -0.0553626128684
0.02765 -0.0542128579062
0.0277 -0.0530438413158
0.02775 -0.0518559783517
0.0278 -0.0506496913957
0.02785 -0.0494254086274
0.0279 -0.0481835653639
0.02795 -0.046924602619
0.028 -0.0456489678888
0.02805 -0.0443571141551
0.0281 -0.0430495006712
0.02815 -0.0417265917438
0.0282 -0.0403888577414
0.02825 -0.0390367737652
0.0283 -0.0376708199917
0.02835 -0.0362914821204
0.0284 -0.0348992501625
0.02845 -0.0334946185561
0.0285 -0.0320780865088
0.02855 -0.0306501573368
0.0286 -0.0292113382522
0.02865 -0.0277621408129
0.0287 -0.0263030794891
0.02875 -0.0248346726683
0.0288 -0.0233574423325
0.02885 -0.0218719131759
0.0289 -0.0203786131708
0.02895 -0.0188780726854
0.029 -0.0173708250504
0.02905 -0.0158574054545
0.0291 -0.0143383519552
0.02915 -0.0128142041532
0.0292 -0.011285503426
0.02925 -0.00975279315668
0.0293 -0.00821661774647
0.02935 -0.00667752317704
0.0294 -0.00513605591224
0.02945 -0.00359276401559
0.0295 -0.00204819549721
0.02955 -0.00050289932042
0.0296 0.00104257558494
0.02965 0.00258767998188
0.0297 0.00413186497971
0.02975 0.00567458191526
0.0298 0.00721528267312
0.02985 0.00875341989975
0.0299 0.0102884471016
0.02995 0.0118198189698
0.03 0.0133469910346
0.03005 0.0148694213219
0.0301 0.0163865683418
0.03015 0.0178978931899
0.0302 0.0194028593117
0.03025 0.0209009314953
0.0303 0.0223915777447
0.03035 0.0238742682729
0.0304 0.0253484764872
0.03045 0.0268136785366
0.0305 0.0282693537423
0.03055 0.0297149850331
0.0306 0.0311500588212
0.03065 0.0325740651042
0.0307 0.0339864978955
0.03075 0.0353868555491
0.0308 0.0367746404125
0.03085 0.0381493593735
0.0309 0.0395105240683
0.03095 0.040857650873
0.031 0.0421902612232
0.03105 0.0435078813831
0.0311 0.0448100435423
0.03115 0.0460962849188
0.0312 0.0473661486343
0.03125 0.0486191832607
0.0313 0.0498549438066
0.03135 0.0510729909313
0.0314 0.0522728922639
0.03145 0.0534542211736
0.0315 0.0546165580887
0.03155 0.0557594900446
0.0316 0.0568826108919
0.03165 0.0579855216223
0.0317 0.059067830466
0.03175 0.0601291526618
0.0318 0.0611691113326
0.03185 0.0621873370332
0.0319 0.0631834676267
0.03195 0.0641571494981
0.032 0.0651080367092
0.03205 0.0660357913794
0.0321 0.0669400837291
0.03215 0.0678205926274
0.0322 0.0686770052472
0.03225 0.0695090171685
0.0323 0.0703163329224
0.03235 0.0710986655948
0.0324 0.0718557372041
0.03245 0.0725872788606
0.0325 0.0732930306441
0.03255 0.0739727417087
0.0326 0.0746261706045
0.03265 0.0752530852161
0.0327 0.0758532626961
0.03275 0.0764264899034
0.0328 0.076972563115
0.03285 0.0774912883812
0.0329 0.0779824813486
0.03295 0.078445967505
0.033 0.0788815821968
0.03305 0.0792891706102
0.0331 0.079668587956
0.03315 0.0800196994369
0.0332 0.0803423803074
0.03325 0.0806365158979
0.0333 0.080902001721
0.03335 0.0811387434474
0.0334 0.0813466569643
0.03345 0.081525668393
0.0335 0.0816757141444
0.03355 0.0817967409092
0.0336 0.0818887056717
0.03365 0.0819515757703
0.0337 0.0819853288682
0.03375 0.0819899529652
0.0338 0.0819654464321
0.03385 0.0819118179248
0.0339 0.0818290865724
0.03395 0.0817172817249
0.034 0.0815764431138
0.03405 0.0814066207673
0.0341 0.0812078750871
0.03415 0.0809802766539
0.0342 0.080723906193
0.03425 0.0804388549631
0.0343 0.0801252242509
0.03435 0.0797831253712
0.0344 0.0794126799949
0.03445 0.0790140195943
0.0345 0.0785872858823
0.03455 0.0781326305363
0.0346 0.0776502150266
0.03465 0.0771402107848
0.0347 0.0766027989776
0.03475 0.0760381705643
0.0348 0.075446526182
0.03485 0.0748280758701
0.0349 0.074183039734
0.03495 0.0735116463925
0.035 0.0728141350856
0.03505 0.0720907531227
0.0351 0.0713417575471
0.03515 0.0705674146941
0.0352 0.0697679994129
0.03525 0.0689437960693
0.0353 0.068095097212
0.03535 0.0672222045761
0.0354 0.0663254281939
0.03545 0.0654050867329
0.0355 0.0644615071618
0.03555 0.0634950246448
0.0356 0.0625059826525
0.03565 0.0614947327451
0.0357 0.0604616339067
0.03575 0.0594070533284
0.0358 0.0583313657427
0.03585 0.0572349533189
0.0359 0.056118205442
0.03595 0.0549815192744
0.036 0.0538252982035
0.03605 0.0526499534025
0.0361 0.0514559022783
0.03615 0.0502435691449
0.0362 0.0490133846709
0.03625 0.0477657859978
0.0363 0.0465012164097
0.03635 0.04522012512
0.0364 0.0439229673844
0.03645 0.0426102038443
0.0365 0.0412823014176
0.03655 0.0399397313096
0.0366 0.038582970904
0.03665 0.0372125021067
0.0367 0.0358288120159
0.03675 0.0344323920438
0.0368 0.0330237383648
0.03685 0.0316033515924
0.0369 0.0301717362288
0.03695 0.0287294010081
0.037 0.0272768583463
0.03705 0.0258146243517
0.0371 0.0243432186083
0.03715 0.0228631636314
0.0372 0.0213749857613
0.03725 0.019879213287
0.0373 0.0183763780067
0.03735 0.0168670134625
0.0374 0.0153516562786
0.03745 0.0138308446192
0.0375 0.0123051189715
0.03755 0.0107750213806
0.0376 0.00924109545617
0.03765 0.00770388616239
0.0377 0.00616393993593
0.03775 0.00462180358788
0.0378 0.00307802497713
0.03785 0.00153315302268
0.0379 -1.22638432042e-05
0.03795 -0.00155767633026
0.038 -0.00310253539276
0.03805 -0.00464629210585
0.0381 -0.00618839799078
0.03815 -0.00772830511312
0.0382 -0.00926546651885
0.03825 -0.0107993359994
0.0383 -0.0123293684164
0.03835 -0.013855020244
0.0384 -0.0153757494494
0.03845 -0.0168910158128
0.0385 -0.0184002809188
0.03855 -0.0199030083654
0.0386 -0.0213986643107
0.03865 -0.0228867175702
0.0387 -0.0243666392755
0.03875 -0.0258379035268
0.0388 -0.0272999877175
0.03885 -0.0287523724093
0.0389 -0.0301945414353
0.03895 -0.0316259826627
0.039 -0.0330461872077
0.03905 -0.0344546505317
0.0391 -0.0358508724327
0.03915 -0.0372343566988
0.0392 -0.0386046116544
0.03925 -0.0399611505908
0.0393 -0.0413034914247
0.03935 -0.0426311574611
0.0394 -0.0439436768303
0.03945 -0.0452405832511
0.0395 -0.0465214159114
0.03955 -0.0477857196765
0.0396 -0.049033045525
0.03965 -0.05026294998
0.0397 -0.0514749963219
0.03975 -0.0526687539094
0.0398 -0.0538437983925
0.03985 -0.0549997125879
0.0399 -0.0561360855825
0.03995 -0.0572525136084
0.04 -0.058348600257
0.04005 -0.0594239559106
0.0401 -0.060478198401
0.04015 -0.0615109532182
0.0402 -0.062521853503
0.04025 -0.0635105402563
0.0403 -0.0644766619426
0.04035 -0.0654198753105
0.0404 -0.066339845385
0.04045 -0.0672362452335
0.0405 -0.0681087563466
0.04055 -0.0689570687375
0.0406 -0.0697808808792
0.04065 -0.0705799003587
0.0407 -0.0713538430931
0.04075 -0.0721024342063
0.0408 -0.0728254075781
0.04085 -0.0735225064433
0.0409 -0.0741934831083
0.04095 -0.0748380992723
0.041 -0.0754561257168
0.04105 -0.0760473429877
0.0411 -0.0766115410294
0.04115 -0.0771485193125
0.0412 -0.077658087134
0.04125 -0.0781400633569
0.0413 -0.078594276849
0.04135 -0.0790205661265
0.0414 -0.0794187797786
0.04145 -0.0797887763335
0.0415 -0.080130424295
0.04155 -0.0804436023071
0.0416 -0.0807281990868
0.04165 -0.0809841135254
0.0417 -0.0812112546928
0.04175 -0.0814095418925
0.0418 -0.0815789046666
0.04185 -0.0817192828463
0.0419 -0.0818306265386
0.04195 -0.0819128962257
0.042 -0.0819660626381
0.04205 -0.0819901068711
0.0421 -0.0819850204657
0.04215 -0.0819508051661
0.0422 -0.0818874730834
0.04225 -0.0817950468001
0.0423 -0.0816735591464
0.04235 -0.0815230531938
0.0424 -0.0813435825588
0.04245 -0.0811352108699
0.0425 -0.0808980122938
0.04255 -0.0806320710856
0.0426 -0.0803374815887
0.04265 -0.0800143486175
0.0427 -0.0796627869584
0.04275 -0.0792829213643
0.0428 -0.0788748870551
0.04285 -0.0784388287692
0.0429 -0.077974901597
0.04295 -0.0774832703663
0.043 -0.0769641096436
0.04305 -0.0764176038967
0.0431 -0.0758439473299
0.04315 -0.0752433438254
0.0432 -0.0746160068897
0.04325 -0.0739621589847
0.0433 -0.0732820327514
0.04335 -0.0725758697862
0.0434 -0.0718439209769
0.04345 -0.0710864462787
0.0435 -0.0703037149396
0.04355 -0.0694960050547
0.0436 -0.0686636034587
0.04365 -0.0678068061693
0.0437 -0.0669259173916
0.04375 -0.0660212501842
0.0438 -0.0650931260188
0.04385 -0.0641418742255
0.0439 -0.0631678334409
0.04395 -0.0621713494985
0.044 -0.0611527761003
0.04405 -0.0601124754838
0.0441 -0.059050817317
0.04415 -0.0579681785888
0.0442 -0.0568649440589
0.04425 -0.0557415057043
0.0443 -0.0545982626145
0.04435 -0.0534356211044
0.0444 -0.0522539940554
0.04445 -0.0510538014719
0.0445 -0.0498354697124
0.04455 -0.0485994316022
0.0446 -0.0473461263304
0.04465 -0.0460759993418
0.0447 -0.0447895017899
0.04475 -0.0434870905399
0.0448 -0.0421692286211
0.04485 -0.0408363842319
0.0449 -0.03948903097
0.04495 -0.0381276471704
0.045 -0.0367527170247
0.04505 -0.0353647285872
0.0451 -0.0339641754495
0.04515 -0.0325515548575
0.0452 -0.0311273690538
0.04525 -0.0296921237283
0.0453 -0.0282463288051
0.04535 -0.026790498115
0.0454 -0.0253251490726
0.04545 -0.0238508020159
0.0455 -0.0223679807718
0.04555 -0.0208772124402
0.0456 -0.0193790265166
0.04565 -0.0178739553422
0.0457 -0.0163625336711
0.04575 -0.0148452984548
0.0458 -0.0133227886313
0.04585 -0.011795545354
0.0459 -0.0102641112261
0.04595 -0.00872903030762
0.046 -0.00719084790504
0.04605 -0.00565011068964
0.0461 -0.00410736604334
0.04615 -0.0025631619551
0.0462 -0.00101804736623
0.04625 0.000527429043315
0.0463 0.00207271795425
0.04635 0.00361727051048
0.0464 0.00516053786237
0.04645 0.00670197171393
0.0465 0.00824102431005
0.04655 0.00977714898352
0.0466 0.0113098000311
0.04665 0.0128384325943
0.0467 0.0143625036454
0.04675 0.0158814719795
0.0468 0.0173947974235
0.04685 0.0189019428269
0.0469 0.0204023723825
0.04695 0.0218955530616
0.047 0.0233809542672
0.04705 0.024858048381
0.0471 0.0263263107495
0.04715 0.0277852192315
0.0472 0.029234255961
0.04725 0.0306729057839
0.0473 0.0321006576883
0.04735 0.033517004351
0.0474 0.0349214425686
0.04745 0.0363134734707
0.0475 0.0376926022839
0.04755 0.0390583391009
0.0476 0.0404101986442
0.04765 0.041747700813
0.0477 0.0430703700034
0.04775 0.044377736654
0.0478 0.0456693361223
0.04785 0.0469447093418
0.0479 0.0482034034754
0.04795 0.0494449709071
0.048 0.0506689711162
0.04805 0.0518749686704
0.0481 0.0530625354332
0.04815 0.0542312491118
0.0482 0.0553806949096
0.04825 0.0565104640746
0.0483 0.0576201553295
0.04835 0.0587093745307
0.0484 0.0597777345442
0.04845 0.0608248556818
0.0485 0.0618503662435
0.04855 0.0628539015102
0.0486 0.0638351051747
0.04865 0.0647936285013
0.0487 0.0657291309238
0.04875 0.0666412801493
0.0488 0.0675297520349
0.04885 0.0683942308577
0.0489 0.0692344096364
0.04895 0.0700499896797
0.049 0.0708406812962
0.04905 0.0716062036766
0.0491 0.0723462846049
0.04915 0.0730606612283
0.0492 0.0737490797689
0.04925 0.0744112956282
0.0493 0.0750470735424
0.04935 0.075656187521
0.0494 0.0762384212525
0.04945 0.0767935678208
0.0495 0.0773214300276
0.04955 0.0778218202486
0.0496 0.0782945608115
0.04965 0.078739483658
0.0497 0.0791564307083
0.04975 0.079545253898
0.0498 0.0799058150159
0.04985 0.0802379859907
0.0499 0.080541648785
0.04995 0.0808166955256
0.05 0.0298732451631
0.05005 0.0248448803987
0.0501 0.0229588565101
0.05015 0.0171018905639
0.0502 0.0125194342519
0.05025 0.00636394896657
0.0503 0.00108767338779
0.05035 -0.00438460700326
0.0504 -0.00888210801197
0.05045 -0.0128023644437
0.0505 -0.0156141989327
0.05055 -0.0175076105018
0.0506 -0.0183035983105
0.05065 -0.0181681476066
0.0507 -0.0171254560044
0.05075 -0.0153672246255
0.0508 -0.0130252650539
0.05085 -0.010306890972
0.0509 -0.0073805126237
0.05095 -0.00443806627725
0.051 -0.00163173133488
0.05105 0.000892295609679
0.0511 0.00303215700206
0.05115 0.00470604384691
0.0512 0.00587715677796
0.05125 0.00653117654859
0.0513 0.00669356222985
0.05135 0.00640638522505
0.0514 0.00574145816408
0.05145 0.00477655228572
0.0515 0.00360688025424
0.05155 0.00232163541409
0.0516 0.00101571294449
0.05165 -0.000232391828882
0.0517 -0.00134736368314
0.05175 -0.00227710658755
0.0518 -0.0029774133324
0.05185 -0.00342974302966
0.0519 -0.00362377101022
0.05195 -0.00357319493111
0.052 -0.0032966252206
0.05205 -0.00283206242408
0.0521 -0.00221686302873
0.05215 -0.00150168816313
0.0522 -0.000730343054556
0.05225 4.60413210319e-05
0.0523 0.000788616407161
0.05235 0.00145583151714
0.0524 0.00202205299259
0.05245 0.00246148325515
0.0525 0.00276564449067
0.05255 0.00292619501801
0.0526 0.00295139862814
0.05265 0.00284806719795
0.0527 0.00263732919045
0.05275 0.00233607047515
0.0528 0.00197240577315
0.05285 0.00156702728755
0.0529 0.00114877082722
0.05295 0.000736225670478
0.053 0.000353694244553
0.05305 1.32959548015e-05
0.0531 -0.000268519699158
0.05315 -0.000488290245123
0.0532 -0.000638460916009
0.05325 -0.000724175941601
0.0533 -0.000745742782654
0.05335 -0.000715052178685
0.0534 -0.000637772233075
0.05345 -0.000529601591689
0.0535 -0.000398402510426
0.05355 -0.000260488759791
0.0536 -0.000122881064873
0.05365 2.13677705386e-07
0.0537 0.000104901048917
0.05375 0.000180841853233
0.0538 0.000228456262272
0.05385 0.000241877089861
0.0539 0.000225882180748
0.05395 0.000178610528899
0.054 0.000108298946422
0.05405 1.58541660562e-05
0.0541 -8.85029008287e-05
0.05415 -0.000202702438011
0.0542 -0.000316170266133
0.05425 -0.000427235478173
0.0543 -0.000526381901912
0.05435 -0.00061353270767
0.0544 -0.000681161985566
0.05445 -0.000731428941998
0.0545 -0.000759141288822
0.05455 -0.00076874841878
0.0546 -0.000757181436376
0.05465 -0.00073074267463
0.0547 -0.000687868929619
0.05475 -0.000635969551852
0.0548 -0.000574167283442
0.05485 -0.000510138202462
0.0549 -0.000442879417514
0.05495 -0.000379593703944
0.055 -0.000318518682132
0.05505 -0.000265881402547
0.0551 -0.000218804380859
0.05515 -0.00018233571595
0.0552 -0.000152428415886
0.05525 -0.000133034427253
0.0553 -0.000119139017628
0.05535 -0.000113895545717
0.0554 -0.000111688585574
0.05545 -0.00011528177387
0.0555 -0.000118882359476
0.05555 -0.000125276670206
0.0556 -0.000128873747412
0.05565 -0.000132810168919
0.0557 -0.000131959217595
0.05575 -0.000129996528689
0.0558 -0.00012237127254
0.05585 -0.000113333828604
0.0559 -9.88743776346e-05
0.05595 -8.37214763553e-05
0.056 -6.42595697561e-05
0.05605 -4.55117049604e-05
0.0561 -2.40500118402e-05
0.05615 -4.97653964725e-06
0.0562 1.51601608958e-05
0.05625 3.13744561987e-05
0.0563 4.73113466126e-05
0.05635 5.82389096897e-05
0.0564 6.80956335496e-05
0.05645 7.24637679346e-05
0.0565 7.55965935134e-05
0.05655 7.33751815506e-05
0.0566 7.03199283378e-05
0.05665 6.25364586098e-05
0.0567 5.47181056788e-05
0.05675 4.30881151557e-05
0.0568 3.24002529861e-05
0.05685 1.88841090434e-05
0.0569 7.24990344278e-06
0.05695 -6.35804071256e-06
0.057 -1.73484130551e-05
0.05705 -2.97186871827e-05
0.0571 -3.90328841168e-05
0.05715 -4.94465697277e-05
0.0572 -5.66763827439e-05
0.05725 -6.50163359383e-05
0.0573 -7.03019354782e-05
0.05735 -7.69211289736e-05
0.0574 -8.0776635886e-05
0.05745 -8.62952071667e-05
0.0575 -8.93916646007e-05
0.05755 -9.44796216525e-05
0.0576 -9.74398887978e-05
0.05765 -0.000102634718043
0.0577 -0.000105881983394
0.05775 -0.000111473689183
0.0578 -0.000115156020179
0.05785 -0.000121151620582
0.0579 -0.000125144518248
0.05795 -0.000131304782156
0.058 -0.000135276649435
0.05805 -0.000141203733103
0.0581 -0.000144718485676
0.05815 -0.000149966162689
0.0582 -0.00015259399484
0.05825 -0.000156772522083
0.0583 -0.000158183386796
0.05835 -0.000161037281632
0.0584 -0.000161059948386
0.05845 -0.000162506656486
0.0585 -0.000161146629113
0.05855 -0.00016127453684
0.0586 -0.000158694045602
0.05865 -0.000157727170843
0.0587 -0.000154197881078
0.05875 -0.000152440273692
0.0588 -0.000148283165689
0.05885 -0.000146057943782
0.0589 -0.00014158487553
0.05895 -0.000139181218024
0.059 -0.000134649666313
0.05905 -0.000132286963227
0.0591 -0.000127874556554
0.05915 -0.000125687623292
0.0592 -0.000121487710965
0.05925 -0.000119531840201
0.0593 -0.000115566712358
0.05935 -0.000113837422702
0.0594 -0.00011008274791
0.05945 -0.000108542994214
0.0595 -0.000104955925652
0.05955 -0.000103563365972
0.0596 -0.000100107460063
0.05965 -9.88358060446e-05
0.0597 -9.54979145357e-05
0.05975 -9.43488229401e-05
0.0598 -9.1145785902e-05
0.05985 -9.01504767288e-05
0.0599 -8.7126072371e-05
0.05995 -8.63382488566e-05
0.06 -8.35528949783e-05
0.06005 -8.3036147363e-05
0.0601 -8.05529746367e-05
0.06015 -8.03664767777e-05
0.0602 -7.82375359551e-05
0.06025 -7.84235396131e-05
0.0603 -7.66792149518e-05
0.06035 -7.7254847783e-05
0.0604 -7.58983277776e-05
0.06045 -7.68528481784e-05
0.0605 -7.5860109513e-05
0.06055 -7.71574171174e-05
0.0606 -7.6481936938e-05
0.06065 -7.80670694992e-05
0.0607 -7.76476294921e-05
0.06075 -7.94553689437e-05
0.0608 -7.92249612449e-05
0.06085 -8.11885681229e-05
0.0609 -8.10825410186e-05
0.06095 -8.31409663072e-05
0.061 -8.31030413858e-05
0.06105 -8.52055786976e-05
0.0611 -8.51910589043e-05
0.06115 -8.72991157619e-05
0.0612 -8.7275304735e-05
0.06125 -8.93616197623e-05
0.0613 -8.93060367212e-05
0.06135 -9.13521258313e-05
0.0614 -9.12494338567e-05
0.06145 -9.3242252704e-05
0.0615 -9.30808943277e-05
0.06155 -9.50096606551e-05
0.0616 -9.47790456582e-05
0.06165 -9.66329296674e-05
0.0617 -9.63217199389e-05
0.06175 -9.80887696496e-05
0.0618 -9.76844471417e-05
0.06185 -9.93517614088e-05
0.0619 -9.88413351806e-05
0.06195 -0.00010039620767
0.062 -9.97676798381e-05
0.06205 -0.000101199262552
0.0621 -0.000100443363691
0.06215 -0.000101744354669
0.0622 -0.000100856076731
0.06225 -0.000102024008634
0.0623 -0.000101003580717
0.06235 -0.000102041438412
0.0624 -0.000100894564418
0.06245 -0.00010181064369
0.0625 -0.000100548003742
0.06255 -0.000101355094695
0.0626 -9.99912636363e-05
0.06265 -0.000100705367084
0.0627 -9.92573969226e-05
0.06275 -9.98962421743e-05
0.0628 -9.83821817468e-05
0.06285 -9.89638085895e-05
0.0629 -9.74013995123e-05
0.06295 -9.79430090462e-05
0.063 -9.63487204534e-05
0.06305 -9.68659104734e-05
0.0631 -9.52543798448e-05
0.06315 -9.57607849468e-05
0.0632 -9.41446418376e-05
0.06325 -9.46519174945e-05
0.0633 -9.304189916e-05
0.06335 -9.35599367795e-05
0.0634 -9.19651693948e-05
0.06345 -9.25024112786e-05
0.0635 -9.09307288198e-05
0.06355 -9.14944651809e-05
0.0636 -8.99526638737e-05
0.06365 -9.05492297457e-05
0.0637 -8.90431984563e-05
0.06375 -8.96780344635e-05
0.0638 -8.82127481799e-05
0.06385 -8.88903337856e-05
0.0639 -8.74697374976e-05
0.06395 -8.81934391415e-05
0.064 -8.68202755179e-05
0.06405 -8.75921696805e-05
0.0641 -8.62678129111e-05
0.06415 -8.70885447663e-05
0.0642 -8.58128959645e-05
0.06425 -8.66816208337e-05
0.0643 -8.54531018623e-05
0.06435 -8.63675346043e-05
0.0644 -8.5183193143e-05
0.06445 -8.61397661585e-05
0.0645 -8.49954814099e-05
0.06455 -8.59895907834e-05
0.0646 -8.48803512982e-05
0.06465 -8.59066566436e-05
0.0647 -8.48268721845e-05
0.06475 -8.58796107241e-05
0.0648 -8.48234194355e-05
0.06485 -8.58966982136e-05
0.0649 -8.48582372116e-05
0.06495 -8.59462769709e-05
0.065 -8.49198960868e-05
0.06505 -8.60172131251e-05
0.0651 -8.49976246929e-05
0.06515 -8.6099149799e-05
0.0652 -8.50815191288e-05
0.06525 -8.61826628872e-05
0.0653 -8.5162652308e-05
0.06535 -8.62593321059e-05
0.0654 -8.52331152091e-05
0.06545 -8.63217607859e-05
0.0655 -8.52860229318e-05
0.06555 -8.63635749146e-05
0.0656 -8.53155121834e-05
0.06565 -8.63794230929e-05
0.0657 -8.53167462294e-05
0.06575 -8.63649875337e-05
0.0658 -8.52859316423e-05
0.06585 -8.63170050947e-05
0.0659 -8.52203412241e-05
0.06595 -8.62332890404e-05
0.066 -8.51183311831e-05
0.06605 -8.61127381158e-05
0.0661 -8.49793387559e-05
0.06615 -8.59553197652e-05
0.0662 -8.48038486515e-05
0.06625 -8.57620181431e-05
0.0663 -8.45933217675e-05
0.06635 -8.5534743499e-05
0.0664 -8.4350086008e-05
0.06645 -8.52762059309e-05
0.0665 -8.40771951096e-05
0.06655 -8.49897619262e-05
0.0666 -8.37782659007e-05
0.06665 -8.46792455439e-05
0.0667 -8.34573066609e-05
0.06675 -8.43487971163e-05
0.0668 -8.31185491069e-05
0.06685 -8.40027011331e-05
0.0669 -8.27662943865e-05
0.06695 -8.36452421001e-05
0.067 -8.24047800764e-05
0.06705 -8.3280583473e-05
0.0671 -8.20380713957e-05
0.06715 -8.2912671089e-05
0.0672 -8.16699764496e-05
0.06725 -8.25451595434e-05
0.0673 -8.13039828638e-05
0.06735 -8.21813580874e-05
0.0674 -8.0943211908e-05
0.06745 -8.18241919602e-05
0.0675 -8.05903860939e-05
0.06755 -8.14761754344e-05
0.0676 -8.0247807001e-05
0.06765 -8.11393939177e-05
0.0677 -7.99173413212e-05
0.06775 -8.08154937698e-05
0.0678 -7.96004144167e-05
0.06785 -8.05056796863e-05
0.0679 -7.92980116992e-05
0.06795 -8.02107202883e-05
0.068 -7.90106886575e-05
0.06805 -7.99309627963e-05
0.0681 -7.87385903347e-05
0.06815 -7.96663573913e-05
0.0682 -7.84814805597e-05
0.06825 -7.94164911979e-05
0.0683 -7.8238780454e-05
0.06835 -7.91806309783e-05
0.0684 -7.80096148751e-05
0.06845 -7.89577728021e-05
0.0685 -7.77928647214e-05
0.06855 -7.8746696345e-05
0.0686 -7.75872225573e-05
0.06865 -7.85460211682e-05
0.0687 -7.73912488891e-05
0.06875 -7.83542623675e-05
0.0688 -7.72034266149e-05
0.06885 -7.8169883316e-05
0.0689 -7.70222116244e-05
0.06895 -7.79913437609e-05
0.069 -7.68460781132e-05
0.06905 -7.78171421536e-05
0.0691 -7.66735577968e-05
0.06915 -7.76458516818e-05
0.0692 -7.65032727523e-05
0.06925 -7.74761499561e-05
0.0693 -7.63339620191e-05
0.06935 -7.73068426205e-05
0.0694 -7.61645023311e-05
0.06945 -7.71368813225e-05
0.0695 -7.59939234399e-05
0.06955 -7.69653765e-05
0.0696 -7.58214184663e-05
0.06965 -7.6791605387e-05
0.0697 -7.56463496379e-05
0.06975 -7.66150155505e-05
0.0698 -7.54682496853e-05
0.06985 -7.64352241995e-05
0.0699 -7.52868191163e-05
0.06995 -7.62520134823e-05
0.07 -7.51019195985e-05
0.07005 -7.60653220235e-05
0.0701 -7.49135637359e-05
0.07015 -7.58752330403e-05
0.0702 -7.47219016367e-05
0.07025 -7.56819594909e-05
0.0703 -7.45272047879e-05
0.07035 -7.54858268322e-05
0.0704 -7.43298478647e-05
0.07045 -7.52872540588e-05
0.0705 -7.41302891818e-05
0.07055 -7.50867337513e-05
0.0706 -7.39290505208e-05
0.07065 -7.48848118611e-05
0.0707 -7.37266970444e-05
0.07075 -7.46820679128e-05
0.0708 -7.35238179339e-05
0.07085 -7.44790962112e-05
0.0709 -7.33210082817e-05
0.07095 -7.42764885202e-05
0.071 -7.31188526431e-05
0.07105 -7.40748185563e-05
0.0711 -7.29179105258e-05
0.07115 -7.38746285149e-05
0.0712 -7.27187039811e-05
0.07125 -7.36764177448e-05
0.0713 -7.25217073688e-05
0.07135 -7.34806336015e-05
0.0714 -7.23273392934e-05
0.07145 -7.3287664455e-05
0.0715 -7.21359566655e-05
0.07155 -7.30978347846e-05
0.0716 -7.19478508069e-05
0.07165 -7.29114022675e-05
0.0717 -7.17632454951e-05
0.07175 -7.27285567493e-05
0.0718 -7.15822968258e-05
0.07185 -7.25494209633e-05
0.0719 -7.14050947515e-05
0.07195 -7.23740528463e-05
0.072 -7.1231666131e-05
0.07205 -7.22024492753e-05
0.0721 -7.1061979102e-05
0.07215 -7.2034551024e-05
0.0722 -7.08959485661e-05
0.07225 -7.18702487167e-05
0.0723 -7.07334425527e-05
0.07235 -7.17093895412e-05
0.0724 -7.05742892172e-05
0.07245 -7.15517844705e-05
0.0725 -7.04182842256e-05
0.07255 -7.1397215749e-05
0.0726 -7.02651982821e-05
0.07265 -7.12454444053e-05
0.0727 -7.01147845745e-05
0.07275 -7.10962175796e-05
0.0728 -6.99667859368e-05
0.07285 -7.09492754792e-05
0.0729 -6.98209415585e-05
0.07295 -7.08043578075e-05
0.073 -6.96769931049e-05
0.07305 -7.06612095499e-05
0.0731 -6.95346901457e-05
0.07315 -7.05195860279e-05
0.0732 -6.93937948223e-05
0.07325 -7.03792571688e-05
0.0733 -6.92540857116e-05
0.07335 -7.02400109609e-05
0.0734 -6.91153608724e-05
0.07345 -7.01016560912e-05
0.0735 -6.89774400778e-05
0.07355 -6.99640237788e-05
0.0736 -6.8840166258e-05
0.07365 -6.98269688373e-05
0.0737 -6.87034061926e-05
0.07375 -6.96903700099e-05
0.0738 -6.85670505043e-05
0.07385 -6.9554129637e-05
0.0739 -6.84310130172e-05
0.07395 -6.94181727245e-05
0.074 -6.82952295542e-05
0.07405 -6.92824454905e-05
0.0741 -6.81596562548e-05
0.07415 -6.91469134757e-05
0.0742 -6.80242675003e-05
0.07425 -6.90115593068e-05
0.0743 -6.78890535388e-05
0.07435 -6.88763802062e-05
0.0744 -6.77540179021e-05
0.07445 -6.87413853378e-05
0.0745 -6.76191747029e-05
0.07455 -6.86065930787e-05
0.0746 -6.7484545901e-05
0.07465 -6.8472028298e-05
0.0747 -6.73501586145e-05
0.07475 -6.83377197186e-05
0.0748 -6.7216042547e-05
0.07485 -6.82036974248e-05
0.0749 -6.70822275899e-05
0.07495 -6.80699905711e-05
0.075 -6.6948741649e-05
0.07505 -6.79366253358e-05
0.0751 -6.68156087317e-05
0.07515 -6.78036231492e-05
0.0752 -6.66828473226e-05
0.07525 -6.76709992199e-05
0.0753 -6.6550469063e-05
0.07535 -6.75387613698e-05
0.0754 -6.64184777417e-05
0.07545 -6.74069091795e-05
0.0755 -6.62868685948e-05
0.07555 -6.7275433441e-05
0.0756 -6.61556279062e-05
0.07565 -6.71443159015e-05
0.0757 -6.6024732892e-05
0.07575 -6.70135292836e-05
0.0758 -6.58941518485e-05
0.07585 -6.68830375537e-05
0.0759 -6.57638445363e-05
0.07595 -6.67527964151e-05
0.076 -6.56337627722e-05
0.07605 -6.662275399e-05
0.0761 -6.55038511946e-05
0.07615 -6.64928516599e-05
0.0762 -6.53740481697e-05
0.07625 -6.63630250292e-05
0.0763 -6.52442868028e-05
0.07635 -6.62332049753e-05
0.0764 -6.51144960201e-05
0.07645 -6.6103318753e-05
0.0765 -6.4984601687e-05
0.07655 -6.59732911201e-05
0.0766 -6.48545277331e-05
0.07665 -6.58430454535e-05
0.0767 -6.47241972529e-05
0.07675 -6.57125048288e-05
0.0768 -6.45935335587e-05
0.07685 -6.55815930412e-05
0.0769 -6.44624611637e-05
0.07695 -6.54502355458e-05
0.077 -6.43309066767e-05
0.07705 -6.53183603033e-05
0.0771 -6.4198799595e-05
0.07715 -6.51858985184e-05
0.0772 -6.40660729866e-05
0.07725 -6.50527852636e-05
0.0773 -6.39326640544e-05
0.07735 -6.4918959983e-05
0.0774 -6.37985145803e-05
0.07745 -6.47843668777e-05
0.0775 -6.36635712508e-05
0.07755 -6.46489551719e-05
0.0776 -6.35277858666e-05
0.07765 -6.45126792678e-05
0.0777 -6.33911154435e-05
0.07775 -6.43754987947e-05
0.0778 -6.32535222124e-05
0.07785 -6.42373785624e-05
0.0779 -6.31149735289e-05
0.07795 -6.409828843e-05
0.078 -6.29754417045e-05
0.07805 -6.39582031019e-05
0.0781 -6.28349037703e-05
0.07815 -6.38171018635e-05
0.0782 -6.26933411882e-05
0.07825 -6.36749682707e-05
0.0783 -6.25507395215e-05
0.07835 -6.3531789805e-05
0.0784 -6.24070880783e-05
0.07845 -6.33875575078e-05
0.0785 -6.22623795396e-05
0.07855 -6.32422656057e-05
0.0786 -6.2116609584e-05
0.07865 -6.30959111373e-05
0.0787 -6.196977652e-05
0.07875 -6.29484935927e-05
0.0788 -6.18218809339e-05
0.07885 -6.28000145724e-05
0.0789 -6.16729253619e-05
0.07895 -6.26504774743e-05
0.079 -6.15229139936e-05
0.07905 -6.2499887214e-05
0.0791 -6.13718524099e-05
0.07915 -6.23482499819e-05
0.0792 -6.12197473604e-05
0.07925 -6.21955730414e-05
0.0793 -6.10666065818e-05
0.07935 -6.20418645675e-05
0.0794 -6.09124386577e-05
0.07945 -6.18871335279e-05
0.0795 -6.07572529202e-05
0.07955 -6.17313896042e-05
0.0796 -6.06010593906e-05
0.07965 -6.15746431518e-05
0.0797 -6.04438687568e-05
0.07975 -6.14169051945e-05
0.0798 -6.02856923858e-05
0.07985 -6.12581874525e-05
0.0799 -6.01265423643e-05
0.07995 -6.10985023959e-05
0.08 0.00354792797917
0.08005 -0.0651960349894
0.0801 -0.116125126439
0.08015 -0.146352587032
0.0802 -0.157517974096
0.08025 -0.154645145859
0.0803 -0.144472672068
0.08035 -0.133706261064
0.0804 -0.127582293909
0.08045 -0.128997655391
0.0805 -0.138295369707
0.08055 -0.153639097773
0.0806 -0.171794431134
0.08065 -0.189078749599
0.0807 -0.202246140773
0.08075 -0.209128018306
0.0808 -0.208933470422
0.08085 -0.20220305668
0.0809 -0.190485387761
0.08095 -0.175853507309
0.081 -0.160392429548
0.08105 -0.145772789209
0.0811 -0.132987276374
0.08115 -0.122278341556
0.0812 -0.113239626836
0.08125 -0.105039250817
0.0813 -0.0966958089269
0.08135 -0.087338510291
0.0814 -0.0763981090367
0.08145 -0.0636993448156
0.0815 -0.0494518546776
0.08155 -0.0341588729481
0.0816 -0.018477418385
0.08165 -0.00306830589597
0.0817 0.0115300703692
0.08175 0.0249811758874
0.0818 0.0371739982049
0.08185 0.0481954655237
0.0819 0.0582663819507
0.08195 0.0676609384786
0.082 0.0766299281684
0.08205 0.08534352621
0.0821 0.0938625511113
0.08215 0.102139453917
0.0822 0.110043672249
0.08225 0.117401656397
0.0823 0.124040386864
0.08235 0.129824366574
0.0824 0.134679193969
0.08245 0.138598892079
0.0825 0.141638145334
0.08255 0.143893638138
0.0826 0.145480313316
0.08265 0.146508456406
0.0827 0.14706631835
0.08275 0.147210986978
0.0828 0.14696797854
0.08285 0.146338064681
0.0829 0.145308550958
0.08295 0.143865747263
0.083 0.142005675975
0.08305 0.139740955147
0.0831 0.137102973118
0.08315 0.134139638818
0.0832 0.130909898777
0.08325 0.127476705293
0.0833 0.123900167204
0.08335 0.120232281748
0.0834 0.116514069234
0.08345 0.112775278007
0.0835 0.109036249947
0.08355 0.105311146296
0.0836 0.101611583195
0.08365 0.0979498050963
0.0837 0.0943407780443
0.08375 0.0908029265828
0.0838 0.0873575816577
0.08385 0.0840274745588
0.0839 0.0808347649718
0.08395 0.0777991078368
0.084 0.0749361737757
0.08405 0.0722568706465
0.0841 0.0697673223647
0.08415 0.0674694927423
0.0842 0.065362222173
0.08425 0.0634424007973
0.0843 0.0617060196186
0.08435 0.0601489133969
0.0844 0.0587671103206
0.08445 0.0575568009008
0.0845 0.0565140220146
0.08455 0.0556341945538
0.0846 0.0549116633602
0.08465 0.0543393613481
0.0847 0.0539086714301
0.08475 0.0536095055654
0.0848 0.0534305703276
0.08485 0.0533597503942
0.0849 0.0533845304875
0.08495 0.0534923793208
0.085 0.0536710402629
0.08505 0.0539086996609
0.0851 0.0541940390829
0.08515 0.0545161950273
0.0852 0.0548646683448
0.08525 0.0552292252596
0.0853 0.0555998281608
0.08535 0.0559666165208
0.0854 0.0563199450853
0.08545 0.0566504733254
0.0855 0.0569492830976
0.08555 0.0572080041776
0.0856 0.0574189249343
0.08565 0.0575750719038
0.0857 0.0576702491843
0.08575 0.0576990396233
0.0858 0.0576567756812
0.08585 0.0575394911105
0.0859 0.057343866511
0.08595 0.0570671813295
0.086 0.0567072768178
0.08605 0.0562625352872
0.0861 0.0557318717314
0.08615 0.0551147333309
0.0862 0.0544111001566
0.08625 0.0536214824098
0.0863 0.0527469066064
0.08635 0.0517888917617
0.0864 0.0507494132631
0.08645 0.0496308594096
0.0865 0.0484359817239
0.08655 0.0471678449682
0.0866 0.0458297795161
0.08665 0.0444253386702
0.0867 0.0429582614219
0.08675 0.0414324414583
0.0868 0.039851898366
0.08685 0.0382207544357
0.0869 0.0365432076327
0.08695 0.0348235081659
0.087 0.0330659301731
0.08705 0.0312747446295
0.0871 0.0294541908527
0.08715 0.0276084469339
0.0872 0.0257416048607
0.08725 0.0238576459219
0.0873 0.0219604200762
0.08735 0.0200536292593
0.0874 0.0181408132065
0.08745 0.0162253397571
0.0875 0.0143103951893
0.08755 0.0123989790119
0.0876 0.0104938971774
0.08765 0.00859775892158
0.0877 0.0067129721073
0.08775 0.00484174221406
0.0878 0.00298606932496
0.08785 0.001147748995
0.0879 -0.000671625761942
0.08795 -0.00247066234238
0.088 -0.00424816217574
0.08805 -0.00600311572762
0.0881 -0.00773469336995
0.08815 -0.00944223805913
0.0882 -0.0111252551607
0.08825 -0.0127834026184
0.0883 -0.0144164807921
0.08835 -0.0160244227241
0.0884 -0.0176072826182
0.08845 -0.0191652259253
0.0885 -0.0206985183189
0.08855 -0.0222075148383
0.0886 -0.0236926494522
0.08865 -0.0251544229204
0.0887 -0.026593393478
0.08875 -0.0280101642688
0.0888 -0.0294053744657
0.08885 -0.0307796883148
0.0889 -0.0321337856193
0.08895 -0.0334683526919
0.089 -0.034784073671
0.08905 -0.0360816225887
0.0891 -0.0373616568991
0.08915 -0.0386248087489
0.0892 -0.0398716811526
0.08925 -0.0411028404457
0.0893 -0.042318812729
0.08935 -0.0435200783095
0.0894 -0.0447070689602
0.08945 -0.0458801636454
0.0895 -0.047039686766
0.08955 -0.0481859055591
0.0896 -0.0493190288415
0.08965 -0.0504392063904
0.0897 -0.0515465282905
0.08975 -0.0526410250881
0.0898 -0.0537226684326
0.08985 -0.054791372699
0.0899 -0.0558469958414
0.08995 -0.0568893412822
0.09 -0.0579181600966
0.09005 -0.0589331540538
0.0901 -0.0599339773461
0.09015 -0.0609202406564
0.0902 -0.0618915130821
0.09025 -0.0628473267713
0.0903 -0.0637871795335
0.09035 -0.0647105385444
0.0904 -0.0656168444238
0.09045 -0.066505514515
0.0905 -0.0673759469963
0.09055 -0.0682275242978
0.0906 -0.0690596169189
0.09065 -0.0698715870966
0.0907 -0.0706627921063
0.09075 -0.0714325880676
0.0908 -0.0721803328913
0.09085 -0.0729053897171
0.0909 -0.0736071296702
0.09095 -0.0742849350405
0.091 -0.0749382018466
0.09105 -0.0755663421199
0.0911 -0.0761687866393
0.09115 -0.0767449866822
0.0912 -0.0772944161565
0.09125 -0.077816573347
0.0913 -0.0783109822512
0.09135 -0.0787771941685
0.0914 -0.079214788461
0.09145 -0.0796233737899
0.0915 -0.0800025887578
0.09155 -0.0803521023821
0.0916 -0.0806716145662
0.09165 -0.0809608562486
0.0917 -0.0812195894688
0.09175 -0.081447607245
0.0918 -0.0816447333116
0.09185 -0.0818108217796
0.0919 -0.0819457565131
0.09195 -0.0820494506984
0.092 -0.0821218458836
0.09205 -0.0821629113367
0.0921 -0.0821726430236
0.09215 -0.0821510628546
0.0922 -0.0820982173653
0.09225 -0.0820141768722
0.0923 -0.0818990342168
0.09235 -0.0817529037469
0.0924 -0.0815759200968
0.09245 -0.0813682369391
0.0925 -0.0811300261341
0.09255 -0.0808614761129
0.0926 -0.0805627909528
0.09265 -0.0802341894188
0.0927 -0.0798759036864
0.09275 -0.0794881781259
0.0928 -0.0790712685061
0.09285 -0.0786254410748
0.0929 -0.0781509713561
0.09295 -0.0776481435274
0.093 -0.0771172493645
0.09305 -0.0765585875827
0.0931 -0.0759724631517
0.09315 -0.0753591866008
0.0932 -0.074719073315
0.09325 -0.0740524433595
0.0933 -0.0733596202579
0.09335 -0.0726409313903
0.0934 -0.071896707365
0.09345 -0.0711272812132
0.0935 -0.070332989187
0.09355 -0.0695141690838
0.0936 -0.0686711616929
0.09365 -0.0678043094716
0.0937 -0.066913957197
0.09375 -0.0660004514377
0.0938 -0.0650641412987
0.09385 -0.0641053774676
0.0939 -0.0631245128315
0.09395 -0.062121903428
0.094 -0.0610979064916
0.09405 -0.0600528829774
0.0941 -0.0589871961452
0.09415 -0.0579012122131
0.0942 -0.0567953008132
0.09425 -0.0556698346629
0.0943 -0.0545251905587
0.09435 -0.0533617489544
0.0944 -0.0521798942726
0.09445 -0.050980015165
0.0945 -0.0497625052527
0.09455 -0.0485277625153
0.0946 -0.0472761896812
0.09465 -0.0460081946335
0.0947 -0.0447241911171
0.09475 -0.0434245973848
0.0948 -0.0421098376657
0.09485 -0.0407803421604
0.0949 -0.0394365460509
0.09495 -0.0380788910661
0.095 -0.0367078245881
0.09505 -0.0353237995677
0.0951 -0.0339272753918
0.09515 -0.03251871726
0.0952 -0.0310985960377
0.09525 -0.0296673887583
0.0953 -0.0282255780169
0.09535 -0.0267736521561
0.0954 -0.0253121051991
0.09545 -0.0238414364956
0.0955 -0.0223621506408
0.09555 -0.0208747574695
0.0956 -0.0193797717378
0.09565 -0.0178777126889
0.0957 -0.0163691047197
0.09575 -0.0148544757393
0.0958 -0.013334358266
0.09585 -0.0118092882451
0.0959 -0.0102798055755
0.09595 -0.00874645260982
0.096 -0.00720977555514
0.09605 -0.00567032298705
0.0961 -0.00412864534944
0.09615 -0.0025852959253
0.0962 -0.00104082932344
0.09625 0.00050419864679
0.0963 0.00204923017101
0.09635 0.00359370765045
0.0964 0.00513707213397
0.09645 0.00667876485868
0.0965 0.00821822713864
0.09655 0.00975490044862
0.0966 0.0112882274363
0.09665 0.0128176513262
0.0967 0.0143426169453
0.09675 0.0158625702248
0.0968 0.0173769595711
0.09685 0.0188852351331
0.0969 0.0203868496309
0.09695 0.0218812581646
0.097 0.0233679193894
0.09705 0.0248462944231
0.0971 0.0263158483672
0.09715 0.0277760496456
0.0972 0.0292263704276
0.09725 0.0306662875091
0.0973 0.0320952815264
0.09735 0.0335128378247
0.0974 0.0349184463509
0.09745 0.0363116021766
0.0975 0.0376918051805
0.09755 0.03905856056
0.0976 0.0404113789695
0.09765 0.0417497766869
0.0977 0.0430732757637
0.09775 0.0443814041801
0.0978 0.0456736956734
0.09785 0.046949690548
0.0979 0.0482089352931
0.09795 0.0494509826042
0.098 0.0506753922337
0.09805 0.0518817303346
0.0981 0.0530695698788
0.09815 0.0542384906559
0.0982 0.0553880800352
0.09825 0.0565179319547
0.0983 0.0576276480275
0.09835 0.058716837075
0.0984 0.0597851155778
0.09845 0.0608321074207
0.0985 0.0618574440212
0.09855 0.0628607649523
0.0986 0.0638417175267
0.09865 0.0647999569649
0.0987 0.0657351464897
0.09875 0.0666469578176
0.0988 0.067535070597
0.09885 0.0683991729455
0.0989 0.069238961398
0.09895 0.0700541409345
0.099 0.0708444253824
0.09905 0.0716095369355
0.0991 0.0723492068428
0.09915 0.0730631751415
0.0992 0.0737511905777
0.09925 0.0744130112735
0.0993 0.0750484043806
0.09935 0.0756571460164
0.0994 0.0762390217874
0.09945 0.0767938265776
0.0995 0.0773213645541
0.09955 0.077821449613
0.0996 0.0782939050053
0.09965 0.0787385636081
0.0997 0.0791552681283
0.09975 0.0795438708657
0.0998 0.079904233954
0.09985 0.0802362294828
0.0999 0.0805397393658
0.09995 0.0808146555213
0.1 0.0810608798806
0.10005 0.0812783244438
0.1001 0.0814669113261
0.10015 0.0816265727648
0.1002 0.081757251202
0.10025 0.0818588992722
0.1003 0.0819314798937
0.10035 0.0819749661942
0.1004 0.0819893416131
0.10045 0.0819745998756
0.1005 0.0819307451242
0.10055 0.0818577916213
0.1006 0.0817557641803
0.10065 0.0816246978059
0.1007 0.0814646378552
0.10075 0.0812756400594
0.1008 0.0810577704152
0.10085 0.0808111050891
0.1009 0.080535730704
0.10095 0.0802317440433
0.101 0.0798992521228
0.10105 0.0795383722212
0.1011 0.079149231459
0.10115 0.0787319673791
0.1012 0.0782867274764
0.10125 0.0778136692724
0.1013 0.0773129600747
0.10135 0.0767847772669
0.1014 0.0762293080194
0.10145 0.0756467492406
0.1015 0.0750373074608
0.10155 0.074401199
0.1016 0.0737386494688
0.10165 0.0730498943758
0.1017 0.0723351779682
0.10175 0.0715947542778
0.1018 0.0708288861898
0.10185 0.070037846151
0.1019 0.0692219150219
0.10195 0.0683813828912
0.102 0.0675165487105
0.10205 0.0666277197723
0.1021 0.0657152121273
0.10215 0.0647793501678
0.1022 0.0638204669408
0.10225 0.062838903171
0.1023 0.0618350082451
0.10235 0.0608091390092
0.1024 0.059761660313
0.10245 0.0586929448033
0.1025 0.0576033723622
0.10255 0.0564933307851
0.1026 0.0553632146682
0.10265 0.0542134257497
0.1027 0.0530443732455
0.10275 0.0518564727428
0.1028 0.0506501466518
0.10285 0.0494258239833
0.1029 0.048183939917
0.10295 0.0469249360199
0.103 0.0456492600399
0.10305 0.0443573656776
0.1031 0.0430497118284
0.10315 0.0417267634616
0.1032 0.040388990866
0.10325 0.039036869527
0.1033 0.037670880153
0.10335 0.0362915081051
0.1034 0.0348992437609
0.10345 0.0334945814966
0.1035 0.0320780209425
0.10355 0.0306500652967
0.1036 0.0292112220282
0.10365 0.0277620024098
0.1037 0.0263029211135
0.10375 0.0248344969627
0.1038 0.0233572511981
0.10385 0.0218717091158
0.1039 0.0203783981139
0.10395 0.0188778491066
0.104 0.0173705947952
0.10405 0.0158571706363
0.1041 0.0143381144473
0.10415 0.0128139657077
0.1042 0.0112852660549
0.10425 0.00975255836155
0.1043 0.00821638701186
0.10435 0.00667729797637
0.1044 0.00513583742458
0.10445 0.00359255346408
0.1045 0.00204799408851
0.10455 0.000502707805363
0.1046 -0.00104275630518
0.10465 -0.00258784929568
0.1047 -0.0041320222914
0.10475 -0.00567472697448
0.1048 -0.00721541496767
0.10485 -0.00875353931845
0.1049 -0.0102885534377
0.10495 -0.0118199120294
0.105 -0.0133470713606
0.10505 -0.0148694885263
0.1051 -0.0163866230512
0.10515 -0.0178979358215
0.1052 -0.0194028899095
0.10525 -0.0209009507265
0.1053 -0.0223915860701
0.10535 -0.0238742664989
0.1054 -0.0253484648249
0.10545 -0.0268136578204
0.1055 -0.028269324711
0.10555 -0.0297149481053
0.1056 -0.0311500148192
0.10565 -0.0325740149186
0.1057 -0.0339864420992
0.10575 -0.0353867948386
0.1058 -0.0367745755555
0.10585 -0.0381492909834
0.1059 -0.0395104528853
0.10595 -0.0408575776497
0.106 -0.0421901865614
0.10605 -0.0435078058411
0.1061 -0.0448099678057
0.10615 -0.0460962094629
0.1062 -0.0473660738952
0.10625 -0.0486191098526
0.1063 -0.0498548720275
0.10635 -0.0510729215342
0.1064 -0.0522728252974
0.10645 -0.0534541571966
0.1065 -0.0546164971227
0.10655 -0.055759432565
0.1066 -0.0568825570041
0.10665 -0.0579854716076
0.1067 -0.0590677844024
0.10675 -0.0601291106364
0.1068 -0.0611690735073
0.10685 -0.0621873030788
0.1069 -0.0631834378999
0.10695 -0.0641571240306
0.107 -0.0651080152199
0.10705 -0.0660357738166
0.1071 -0.0669400701732
0.10715 -0.0678205828325
0.1072 -0.0686769990444
0.10725 -0.0695090144506
0.1073 -0.0703163334935
0.10735 -0.0710986692643
0.1074 -0.0718557437491
0.10745 -0.072587288118
0.1075 -0.0732930422529
0.10755 -0.0739727555891
0.1076 -0.0746261865349
0.10765 -0.0752531028668
0.1077 -0.0758532819573
0.10775 -0.0764265105285
0.1078 -0.0769725848561
0.10785 -0.0774913109914
0.1079 -0.0779825046365
0.10795 -0.0784459912512
0.108 -0.0788816062106
0.10805 -0.0792891946999
0.1081 -0.0796686119732
0.10815 -0.0800197232034
0.1082 -0.080342403655
0.10825 -0.0806365386968
0.1083 -0.080902023835
0.10835 -0.0811387647584
0.1084 -0.0813466773613
0.10845 -0.0815256877994
0.1085 -0.0816757324708
0.10855 -0.0817967580734
0.1086 -0.0818887216269
0.10865 -0.0819515904617
0.1087 -0.0819853422638
0.10875 -0.0819899650516
0.1088 -0.0819654571919
0.10885 -0.0819118273859
0.1089 -0.0818290946906
0.10895 -0.0817172885555
0.109 -0.081576448697
0.10905 -0.0814066251299
0.1091 -0.081207878215
0.10915 -0.0809802785734
0.1092 -0.0807239070852
0.10925 -0.0804388548263
0.1093 -0.0801252231283
0.10935 -0.0797831233439
0.1094 -0.0794126770238
0.10945 -0.0790140158989
0.1095 -0.0785872815634
0.10955 -0.0781326255074
0.1096 -0.0776502094173
0.10965 -0.077140204647
0.1097 -0.0766027924144
0.10975 -0.0760381635991
0.1098 -0.0754465189465
0.10985 -0.0748280684152
0.1099 -0.0741830320538
0.10995 -0.073511638898
0.11 -0.0728141273001
0.11005 -0.0720907453735
0.1101 -0.0713417499971
0.11015 -0.0705674072535
0.1102 -0.0697679921071
0.11025 -0.0689437890575
0.1103 -0.0680950906041
0.11035 -0.0672221981143
0.1104 -0.0663254220727
0.11045 -0.0654050808326
0.1105 -0.0644615016503
0.11055 -0.0634950195405
0.1106 -0.0625059779857
0.11065 -0.0614947284503
0.1107 -0.0604616299877
0.11075 -0.0594070499687
0.1108 -0.0583313628087
0.11085 -0.0572349506879
0.1109 -0.0561182032871
0.11095 -0.0549815175
0.111 -0.053825296956
0.11105 -0.0526499523913
0.1111 -0.0514559017345
0.11115 -0.0502435689159
0.1112 -0.0490133847393
0.11125 -0.0477657863488
0.1113 -0.0465012169998
0.11135 -0.0452201261831
0.1114 -0.0439229685176
0.11145 -0.0426102053085
0.1115 -0.0412823030054
0.11155 -0.039939733198
0.1116 -0.0385829728592
0.11165 -0.0372125042214
0.1117 -0.0358288141411
0.11175 -0.03443239441
0.1118 -0.0330237406857
0.11185 -0.0316033539033
0.1119 -0.0301717385501
0.11195 -0.028729403402
0.112 -0.0272768608069
0.11205 -0.0258146267459
0.1121 -0.0243432209041
0.11215 -0.0228631660553
0.1122 -0.021374988033
0.11225 -0.0198792155489
0.1123 -0.0183763799524
0.11235 -0.0168670153719
0.1124 -0.0153516579302
0.11245 -0.0138308463196
0.1125 -0.012305120584
0.11255 -0.0107750229054
0.1126 -0.00924109695257
0.11265 -0.00770388743521
0.1127 -0.00616394101823
0.11275 -0.00462180453321
0.1128 -0.00307802579243
0.11285 -0.00153315367709
0.1129 1.22633688392e-05
0.11295 0.00155767581817
0.113 0.0031025351102
0.11305 0.00464629180848
0.1131 0.0061883978609
0.11315 0.00772830521291
0.1132 0.00926546661254
0.11325 0.0107993362336
0.1133 0.0123293685815
0.11335 0.0138550206821
0.1134 0.0153757499769
0.11345 0.0168910163011
0.1135 0.0184002814323
0.11355 0.0199030089713
0.1136 0.0213986650993
0.11365 0.0228867182491
0.1137 0.0243666400719
0.11375 0.025837904344
0.1138 0.0272999884755
0.11385 0.0287523732072
0.1139 0.0301945423299
0.11395 0.0316259833936
0.114 0.0330461878577
0.11405 0.034454651369
0.1141 0.035850873233
0.11415 0.0372343573709
0.1142 0.0386046122219
0.11425 0.0399611511582
0.1143 0.0413034920413
0.11435 0.0426311580942
0.1144 0.043943677444
0.11445 0.0452405836753
0.1145 0.0465214163581
0.11455 0.0477857200603
0.1146 0.0490330458617
0.11465 0.0502629503799
0.1147 0.0514749966046
0.11475 0.052668754048
0.1148 0.0538437987873
0.11485 0.0549997127417
0.1149 0.0561360856993
0.11495 0.05725251372
0.115 0.05834860026
0.11505 0.0594239558106
0.1151 0.0604781983424
0.11515 0.0615109531803
0.1152 0.062521853545
0.11525 0.0635105402203
0.1153 0.0644766618577
0.11535 0.0654198752149
0.1154 0.0663398452226
0.11545 0.0672362450163
0.1155 0.0681087560995
0.11555 0.0689570684465
0.1156 0.0697808807058
0.11565 0.0705799001517
0.1157 0.0713538428732
0.11575 0.0721024339629
0.1158 0.0728254072462
0.11585 0.0735225062084
0.1159 0.0741934828754
0.11595 0.0748380990344
0.116 0.0754561254877
0.11605 0.0760473427621
0.1161 0.0766115407913
0.11615 0.077148519086
0.1162 0.0776580869286
0.11625 0.0781400631707
0.1163 0.0785942766337
0.11635 0.0790205659376
0.1164 0.079418779621
0.11645 0.0797887761536
0.1165 0.0801304241508
0.11655 0.0804436021745
0.1166 0.080728198973
0.11665 0.0809841134249
0.1167 0.0812112546085
0.11675 0.0814095418205
0.1168 0.0815789046061
0.11685 0.0817192827858
0.1169 0.0818306265128
0.11695 0.0819128961906
0.117 0.081966062612
0.11705 0.0819901068812
0.1171 0.0819850204448
0.11715 0.0819508051295
0.1172 0.0818874731002
0.11725 0.0817950468598
0.1173 0.0816735591769
0.11735 0.0815230532976
0.1174 0.0813435826336
0.11745 0.0811352110203
0.1175 0.0808980123871
0.11755 0.0806320712008
0.1176 0.0803374816183
0.11765 0.0800143487258
0.1177 0.0796627869521
0.11775 0.0792829214932
0.1178 0.0788748870955
0.11785 0.0784388288897
0.1179 0.0779749017657
0.11795 0.0774832704486
0.118 0.0769641096328
0.11805 0.0764176039655
0.1181 0.0758439474414
0.11815 0.0752433440157
0.1182 0.0746160068693
0.11825 0.0739621590419
0.1183 0.0732820328438
0.11835 0.0725758699543
0.1184 0.0718439208705
0.11845 0.071086446357
0.1185 0.0703037149884
0.11855 0.0694960051745
0.1186 0.0686636035714
0.11865 0.0678068061279
0.1187 0.0669259173652
0.11875 0.0660212502223
0.1188 0.0650931258714
0.11885 0.0641418743608
0.1189 0.0631678335228
0.11895 0.0621713494147
0.119 0.0611527760948
0.11905 0.0601124755298
0.1191 0.0590508173505
0.11915 0.0579681786688
0.1192 0.0568649440352
0.11925 0.0557415056103
0.1193 0.0545982626582
0.11935 0.0534356210719
0.1194 0.0522539940683
0.11945 0.0510538015132
0.1195 0.0498354697066
0.11955 0.0485994317289
0.1196 0.0473461265391
0.11965 0.0460759994537
0.1197 0.0447895017794
0.11975 0.0434870906468
0.1198 0.0421692286227
0.11985 0.0408363842319
0.1199 0.0394890308813
0.11995 0.0381276471825
0.12 0.0367527170755
0.12005 0.0353647286189
0.1201 0.0339641754246
0.12015 0.0325515549151
0.1202 0.0311273690703
0.12025 0.0296921237065
0.1203 0.0282463288682
0.12035 0.0267904981296
0.1204 0.0253251491866
0.12045 0.0238508020707
0.1205 0.0223679808291
0.12055 0.0208772125384
0.1206 0.0193790266309
0.12065 0.0178739554859
0.1207 0.0163625336221
0.12075 0.0148452983124
0.1208 0.0133227886421
0.12085 0.0117955453702
0.1209 0.0102641112969
0.12095 0.00872903026009
0.121 0.00719084803509
0.12105 0.00565011068829
0.1211 0.00410736600907
0.12115 0.00256316199801
0.1212 0.00101804749835
0.12125 -0.000527429069931
0.1213 -0.00207271799197
0.12135 -0.00361727049918
0.1214 -0.00516053785189
0.12145 -0.00670197166911
0.1215 -0.00824102436721
0.12155 -0.00977714902142
0.1216 -0.0113097999395
0.12165 -0.0128384326099
0.1217 -0.0143625037446
0.12175 -0.0158814718687
0.1218 -0.0173947974987
0.12185 -0.0189019427084
0.1219 -0.0204023723308
0.12195 -0.0218955530549
0.122 -0.0233809543195
0.12205 -0.0248580484954
0.1221 -0.0263263106934
0.12215 -0.027785219366
0.1222 -0.0292342559181
0.12225 -0.0306729057275
0.1223 -0.0321006575589
0.12235 -0.0335170043373
0.1224 -0.034921442476
0.12245 -0.0363134734013
0.1225 -0.0376926022408
0.12255 -0.0390583392112
0.1226 -0.0404101986644
0.12265 -0.041747700784
0.1227 -0.0430703701015
0.12275 -0.0443777366117
0.1228 -0.0456693359804
0.12285 -0.0469447093017
0.1229 -0.0482034033318
0.12295 -0.0494449709969
0.123 -0.0506689709877
0.12305 -0.0518749686854
0.1231 -0.0530625354487
0.12315 -0.054231249181
0.1232 -0.0553806948654
0.12325 -0.0565104639948
0.1233 -0.0576201554669
0.12335 -0.0587093745436
0.1234 -0.0597777345502
0.12345 -0.0608248558079
0.1235 -0.06185036625
0.12355 -0.0628539015486
0.1236 -0.0638351050923
0.12365 -0.0647936285296
0.1237 -0.0657291309414
0.12375 -0.0666412801347
0.1238 -0.0675297520091
0.12385 -0.0683942309348
0.1239 -0.0692344095912
0.12395 -0.0700499897062
0.124 -0.0708406813117
0.12405 -0.0716062036222
0.1241 -0.0723462845957
0.12415 -0.0730606612298
0.1242 -0.0737490798168
0.12425 -0.0744112956567
0.1243 -0.0750470735077
0.12435 -0.0756561875207
0.1244 -0.0762384212464
0.12445 -0.0767935678475
0.1245 -0.0773214299953
0.12455 -0.0778218202758
0.1246 -0.0782945608101
0.12465 -0.0787394836321
0.1247 -0.0791564307123
0.12475 -0.079545253891
0.1248 -0.0799058150284
0.12485 -0.0802379859922
0.1249 -0.080541648789
0.12495 -0.0808166955294
0.125 -0.0810630284721
0.12505 -0.0812805601129
0.1251 -0.0814692131563
0.12515 -0.0816289205695
0.1252 -0.0817596256114
0.12525 -0.0818612818664
0.1253 -0.081933853193
0.12535 -0.0819773137813
0.1254 -0.0819916482871
0.12545 -0.0819768515201
0.1255 -0.0819329287615
0.12555 -0.0818598955747
0.1256 -0.0817577780285
0.12565 -0.0816266123119
0.1257 -0.0814664450708
0.12575 -0.0812773331317
0.1258 -0.0810593437581
0.12585 -0.0808125544279
0.1259 -0.0805370527318
0.12595 -0.0802329366474
0.126 -0.0799003141641
0.12605 -0.0795393034712
0.1261 -0.0791500328358
0.12615 -0.0787326405386
0.1262 -0.0782872750604
0.12625 -0.0778140943216
0.1263 -0.0773132666774
0.12635 -0.0767849700149
0.1264 -0.0762293920033
0.12645 -0.0756467299928
0.1265 -0.0750371910744
0.12655 -0.0744009918367
0.1266 -0.0737383583466
0.12665 -0.0730495259308
0.1267 -0.0723347392992
0.12675 -0.0715942525172
0.1268 -0.0708283286063
0.12685 -0.0700372398181
0.1269 -0.0692212670452
0.12695 -0.0683807001742
0.127 -0.0675158381957
0.12705 -0.0666269879713
0.1271 -0.0657144655973
0.12715 -0.0647785952506
0.1272 -0.0638197093644
0.12725 -0.062838148552
0.1273 -0.0618342615933
0.12735 -0.060808405327
0.1274 -0.0597609441143
0.12745 -0.0586922500323
0.1275 -0.0576027029257
0.12755 -0.056492690013
0.1276 -0.0553626053053
0.12765 -0.0542128506226
0.1277 -0.053043834381
0.12775 -0.0518559717982
0.1278 -0.0506496851577
0.12785 -0.0494254028719
0.1279 -0.0481835598901
0.12795 -0.0469245977282
0.128 -0.0456489632453
0.12805 -0.0443571100834
0.1281 -0.0430494970337
0.12815 -0.0417265886663
0.1282 -0.0403888550625
0.12825 -0.0390367715227
0.1283 -0.0376708183335
0.12835 -0.0362914808854
0.1284 -0.034899249253
0.12845 -0.0334946181671
0.1285 -0.0320780864077
0.12855 -0.0306501576306
0.1286 -0.0292113387957
0.12865 -0.0277621416253
0.1287 -0.0263030805125
0.12875 -0.024834674056
0.1288 -0.0233574438917
0.12885 -0.021871914972
0.1289 -0.0203786152094
0.12895 -0.0188780748331
0.129 -0.0173708272889
0.12905 -0.0158574078954
0.1291 -0.0143383544457
0.12915 -0.0128142067169
0.1292 -0.0112855062196
0.12925 -0.00975279589353
0.1293 -0.00821662044864
0.12935 -0.00667752569202
0.1294 -0.00513605857152
0.12945 -0.00359276646759
0.1295 -0.00204819782778
0.12955 -0.000502901756069
0.1296 0.00104257331499
0.12965 0.00258767773921
0.1297 0.0041318628366
0.12975 0.00567457993241
0.1298 0.00721528083531
0.12985 0.00875341824478
0.1299 0.0102884455267
0.12995 0.01181981749
0.13 0.0133469897925
0.13005 0.0148694201986
0.1301 0.0163865672816
0.13015 0.0178978924949
0.1302 0.0194028586167
0.13025 0.0209009309684
0.1303 0.0223915772662
0.13035 0.0238742679884
0.1304 0.0253484763001
0.13045 0.0268136785696
0.1305 0.0282693539223
0.13055 0.0297149853491
0.1306 0.0311500590015
0.13065 0.0325740653369
0.1307 0.0339864982653
0.13075 0.0353868559994
0.1308 0.0367746409403
0.13085 0.0381493600104
0.1309 0.0395105247236
0.13095 0.0408576515558
0.131 0.042190261977
0.13105 0.0435078823053
0.1311 0.0448100444776
0.13115 0.0460962858309
0.1312 0.0473661495022
0.13125 0.0486191840254
0.1313 0.0498549445815
0.13135 0.0510729917457
0.1314 0.0522728930323
0.13145 0.0534542221249
0.1315 0.0546165589385
0.13155 0.055759490888
0.1316 0.0568826116898
0.13165 0.0579855223363
0.1317 0.0590678310801
0.13175 0.060129153226
0.1318 0.0611691119651
0.13185 0.0621873374284
0.1319 0.0631834680369
0.13195 0.0641571499838
0.132 0.0651080370462
0.13205 0.0660357916056
0.1321 0.0669400839765
0.13215 0.067820592856
0.1322 0.0686770053899
0.13225 0.0695090173294
0.1323 0.0703163330019
0.13235 0.071098665619
0.1324 0.0718557373186
0.13245 0.0725872788468
0.1325 0.0732930306151
0.13255 0.0739727416457
0.1326 0.0746261705325
0.13265 0.0752530850383
0.1327 0.0758532625439
0.13275 0.0764264897131
0.1328 0.0769725629298
0.13285 0.0774912881705
0.1329 0.0779824811231
0.13295 0.0784459672673
0.133 0.078881581925
0.13305 0.0792891703401
0.1331 0.0796685877024
0.13315 0.0800196991714
0.1332 0.0803423800403
0.13325 0.0806365156339
0.1333 0.0809020014619
0.13335 0.0811387431914
0.1334 0.0813466567151
0.13345 0.0815256681544
0.1335 0.0816757139221
0.13355 0.0817967406689
0.1336 0.0818887054594
0.13365 0.0819515755712
0.1337 0.0819853286677
0.13375 0.0819899527957
0.1338 0.0819654462601
0.13385 0.0819118178022
0.1339 0.0818290864328
0.13395 0.0817172816258
0.134 0.0815764430117
0.13405 0.0814066207251
0.1341 0.0812078749731
0.13415 0.0809802765366
0.1342 0.0807239061298
0.13425 0.0804388550005
0.1343 0.0801252242469
0.13435 0.0797831253501
0.1344 0.0794126799484
0.13445 0.0790140196356
0.1345 0.0785872859703
0.13455 0.0781326305956
0.1346 0.0776502150386
0.13465 0.0771402108187
0.1347 0.0766027990374
0.13475 0.0760381706971
0.1348 0.0754465262477
0.13485 0.0748280760049
0.1349 0.074183039765
0.13495 0.0735116465448
0.135 0.0728141350977
0.13505 0.0720907530868
0.1351 0.0713417575573
0.13515 0.0705674148205
0.1352 0.0697679995502
0.13525 0.0689437961546
0.1353 0.0680950973845
0.13535 0.0672222047508
0.1354 0.0663254284216
0.13545 0.0654050867958
0.1355 0.064461507244
0.13555 0.0634950247286
0.1356 0.0625059828334
0.13565 0.0614947327615
0.1357 0.0604616339876
0.13575 0.0594070534124
0.1358 0.058331365748
0.13585 0.0572349532732
0.1359 0.0561182055081
0.13595 0.0549815193471
0.136 0.0538252982458
0.13605 0.0526499535095
0.1361 0.0514559024353
0.13615 0.0502435692032
0.1362 0.0490133847492
0.13625 0.0477657860364
0.1363 0.0465012164388
0.13635 0.0452201251691
0.1364 0.0439229673948
0.13645 0.042610204046
0.1365 0.04128230133
0.13655 0.0399397313631
0.1366 0.0385829709732
0.13665 0.0372125021561
0.1367 0.0358288119425
0.13675 0.0344323920124
0.1368 0.0330237384055
0.13685 0.0316033515153
0.1369 0.0301717360863
0.13695 0.0287294009216
0.137 0.0272768582794
0.13705 0.0258146242932
0.1371 0.0243432185438
0.13715 0.0228631636391
0.1372 0.0213749857379
0.13725 0.0198792134002
0.1373 0.0183763779533
0.13735 0.0168670133885
0.1374 0.015351656236
0.13745 0.0138308446214
0.1375 0.0123051189815
0.13755 0.0107750213902
0.1376 0.00924109545052
0.13765 0.00770388633384
0.1377 0.00616393984748
0.13775 0.00462180352142
0.1378 0.00307802496175
0.13785 0.00153315287467
0.1379 -1.22639617366e-05
0.13795 -0.00155767629145
0.138 -0.00310253534558
0.13805 -0.00464629216595
0.1381 -0.00618839806313
0.13815 -0.00772830522382
0.1382 -0.00926546655091
0.13825 -0.0107993360003
0.1383 -0.0123293684694
0.13835 -0.013855020307
0.1384 -0.0153757494726
0.13845 -0.0168910158865
0.1385 -0.0184002809714
0.13855 -0.0199030083976
0.1386 -0.021398664451
0.13865 -0.0228867175077
0.1387 -0.0243666392278
0.13875 -0.0258379034263
0.1388 -0.02729998776
0.13885 -0.0287523725488
0.1389 -0.0301945415125
0.13895 -0.0316259826529
0.139 -0.033046187152
0.13905 -0.0344546505374
0.1391 -0.0358508724084
0.13915 -0.037234356662
0.1392 -0.0386046116029
0.13925 -0.0399611504526
0.1393 -0.0413034915086
0.13935 -0.0426311573833
0.1394 -0.0439436767671
0.13945 -0.0452405832839
0.1395 -0.0465214158617
0.13955 -0.0477857196469
0.1396 -0.0490330454263
0.13965 -0.0502629499361
0.1397 -0.051474996333
0.13975 -0.0526687537874
0.1398 -0.053843798338
0.13985 -0.054999712545
0.1399 -0.0561360856192
0.13995 -0.05725251369
0.14 -0.0583486000967
0.14005 -0.0594239557169
0.1401 -0.0604781984206
0.14015 -0.0615109532366
0.1402 -0.0625218536345
0.14025 -0.0635105401962
0.1403 -0.0644766618947
0.14035 -0.0654198753245
0.1404 -0.066339845421
0.14045 -0.0672362451956
0.1405 -0.0681087562846
0.14055 -0.068957068632
0.1406 -0.0697808809248
0.14065 -0.0705799003351
0.1407 -0.0713538430626
0.14075 -0.0721024341916
0.1408 -0.0728254075643
0.14085 -0.0735225064742
0.1409 -0.0741934831476
0.14095 -0.0748380992738
0.141 -0.0754561257337
0.14105 -0.0760473430225
0.1411 -0.0766115410307
0.14115 -0.0771485193315
0.1412 -0.0776580870979
0.14125 -0.0781400633655
0.1413 -0.078594276836
0.14135 -0.0790205661153
0.1414 -0.0794187797788
0.14145 -0.0797887763201
0.1415 -0.0801304242839
0.14155 -0.080443602308
0.1416 -0.0807281990873
0.14165 -0.080984113525
0.1417 -0.0812112546925
0.14175 -0.0814095418916
0.1418 -0.0815789046659
0.14185 -0.0817192828277
0.1419 -0.081830626537
0.14195 -0.0819128962093
0.142 -0.0819660626274
0.14205 -0.0819901068549
0.1421 -0.0819850204574
0.14215 -0.0819508051197
0.1422 -0.081887473102
0.14225 -0.0817950467754
0.1423 -0.0816735591325
0.14235 -0.081523053214
0.1424 -0.0813435825351
0.14245 -0.0811352109574
0.1425 -0.0808980123378
0.14255 -0.0806320710399
0.1426 -0.080337481666
0.14265 -0.0800143486257
0.1427 -0.079662786867
0.14275 -0.0792829213905
0.1428 -0.0788748870363
0.14285 -0.0784388287767
0.1429 -0.0779749016692
0.14295 -0.0774832703176
0.143 -0.0769641096024
0.14305 -0.0764176039753
0.1431 -0.0758439473583
0.14315 -0.0752433438256
0.1432 -0.0746160067815
0.14325 -0.0739621590883
0.1433 -0.0732820327435
0.14335 -0.0725758697855
0.1434 -0.0718439208613
0.14345 -0.0710864462984
0.1435 -0.0703037149515
0.14355 -0.0694960051074
0.1436 -0.0686636034993
0.14365 -0.0678068062669
0.1437 -0.0669259173614
0.14375 -0.0660212502267
0.1438 -0.0650931259283
0.14385 -0.0641418743342
0.1439 -0.063167833522
0.14395 -0.0621713493494
0.144 -0.0611527762506
0.14405 -0.0601124755294
0.1441 -0.0590508172116
0.14415 -0.0579681786147
0.1442 -0.056864944038
0.14425 -0.0557415057172
0.1443 -0.0545982626843
0.14435 -0.0534356211102
0.1444 -0.0522539939993
0.14445 -0.0510538014756
0.1445 -0.0498354697572
0.14455 -0.0485994317189
0.1446 -0.0473461263687
0.14465 -0.0460759993529
0.1447 -0.0447895017137
0.14475 -0.0434870905588
0.1448 -0.0421692287655
0.14485 -0.0408363842604
0.1449 -0.0394890307811
0.14495 -0.0381276472092
0.145 -0.0367527170581
0.14505 -0.0353647287474
0.1451 -0.0339641754826
0.14515 -0.0325515549161
0.1452 -0.0311273689745
0.14525 -0.0296921235727
0.1453 -0.0282463287223
0.14535 -0.0267904981868
0.1454 -0.0253251490943
0.14545 -0.0238508020896
0.1455 -0.0223679810053
0.14555 -0.0208772126228
0.1456 -0.0193790266243
0.14565 -0.0178739554065
0.1457 -0.0163625335366
0.14575 -0.0148452985061
0.1458 -0.0133227886926
0.14585 -0.0117955453858
0.1459 -0.0102641112541
0.14595 -0.00872903031243
0.146 -0.00719084789183
0.14605 -0.00565011077023
0.1461 -0.00410736598033
0.14615 -0.00256316210242
0.1462 -0.00101804746601
0.14625 0.000527428950153
0.1463 0.00207271792397
0.14635 0.00361727048215
0.1464 0.00516053802368
0.14645 0.00670197176189
0.1465 0.00824102434175
0.14655 0.00977714900903
0.1466 0.0113097999459
0.14665 0.0128384324994
0.1467 0.0143625036788
0.14675 0.0158814717781
0.1468 0.0173947975897
0.14685 0.0189019427557
0.1469 0.0204023723635
0.14695 0.0218955530251
0.147 0.0233809541899
0.14705 0.0248580485064
0.1471 0.0263263106306
0.14715 0.0277852192028
0.1472 0.0292342559289
0.14725 0.03067290573
0.1473 0.0321006576502
0.14735 0.0335170042905
0.1474 0.0349214425436
0.14745 0.0363134734231
0.1475 0.0376926022918
0.14755 0.0390583391973
0.1476 0.0404101987055
0.14765 0.0417477007414
0.1477 0.0430703701395
0.14775 0.0443777366582
0.1478 0.0456693360222
0.14785 0.0469447093333
0.1479 0.0482034032731
0.14795 0.0494449709091
0.148 0.0506689710574
0.14805 0.0518749685962
0.1481 0.0530625353204
0.14815 0.0542312490971
0.1482 0.0553806948791
0.14825 0.0565104640341
0.1483 0.0576201554072
0.14835 0.0587093746017
0.1484 0.0597777345348
0.14845 0.0608248557806
0.1485 0.0618503662856
0.14855 0.0628539014425
0.1486 0.0638351051856
0.14865 0.0647936284625
0.1487 0.0657291309325
0.14875 0.0666412801132
0.1488 0.0675297520157
0.14885 0.0683942309101
0.1489 0.06923440962
0.14895 0.070049989685
0.149 0.0708406813693
0.14905 0.071606203611
0.1491 0.0723462845777
0.14915 0.0730606612353
0.1492 0.0737490798406
0.14925 0.07441129563
0.1493 0.0750470734691
0.14935 0.0756561875238
0.1494 0.0762384212629
0.14945 0.0767935678315
0.1495 0.0773214299901
0.14955 0.077821820275
0.1496 0.0782945607898
0.14965 0.0787394836531
0.1497 0.079156430725
0.14975 0.0795452538986
0.1498 0.079905815025
0.14985 0.080237985986
0.1499 0.0805416487969
0.14995 0.0808166955262
0.15 0.0810630284734
0.15005 0.0810630284734