0.0 0.0
5.0e-05 0.00111461774717
0.0001 0.00407451002379
0.00015 0.00813618234653
0.0002 0.0125762910007
0.00025 0.0167861225771
0.0003 0.0203991013916
0.00035 0.0233076225955
0.0004 0.025639195697
0.00045 0.0276772585226
0.0005 0.0297664852183
0.00055 0.0322191697941
0.0006 0.0352458907263
0.00065 0.0389196604514
0.0007 0.0431763313207
0.00075 0.047844590666
0.0008 0.0526942282312
0.00085 0.0574890916127
0.0009 0.0620326083254
0.00095 0.066197363147
0.001 0.0699351449903
0.00105 0.0732686707848
0.0011 0.0762699331418
0.00115 0.0790321343606
0.0012 0.0816423505173
0.00125 0.08416067816
0.0013 0.0866092299778
0.00135 0.0889716449146
0.0014 0.0912013990923
0.00145 0.0932356057448
0.0015 0.0950103771826
0.00155 0.0964741586529
0.0016 0.0975965004522
0.00165 0.0983711426865
0.0017 0.0988137092224
0.00175 0.0989554109341
0.0018 0.0988347744141
0.00185 0.0984894912543
0.0019 0.0979500954244
0.00195 0.09723648749
0.002 0.0963575389279
0.00205 0.0953133068036
0.0021 0.0940989076805
0.00215 0.0927089085603
0.0022 0.0911411750349
0.00225 0.0893994242494
0.0023 0.0874941278485
0.00235 0.085441837514
0.0024 0.0832633266707
0.00245 0.0809811337791
0.0025 0.0786171185082
0.00255 0.0761905392692
0.0026 0.0737169572012
0.00265 0.0712080497642
0.0027 0.0686722008243
0.00275 0.0661155976667
0.0028 0.0635435008717
0.00285 0.0609613736358
0.0029 0.05837564927
0.00295 0.0557940214134
0.003 0.0532252774987
0.00305 0.0506787834971
0.0031 0.048163788251
0.00315 0.0456887294723
0.0032 0.0432606865124
0.00325 0.0408850769372
0.0033 0.0385656197793
0.00335 0.0363045311594
0.0034 0.0341028753394
0.00345 0.0319609703988
0.0035 0.029878759605
0.00355 0.0278560793109
0.0036 0.0258927911825
0.00365 0.0239887766476
0.0037 0.0221438312028
0.00375 0.0203575007659
0.0038 0.0186289162527
0.00385 0.0169566692314
0.0039 0.0153387548571
0.00395 0.0137725934107
0.004 0.0122551176727
0.00405 0.010782906151
0.0041 0.00935233129565
0.00415 0.0079596976109
0.0042 0.00660134801479
0.00425 0.00527372900937
0.0043 0.00397341266317
0.00435 0.00269708750737
0.0044 0.0014415297809
0.00445 0.000203569901734
0.0045 -0.00101993051487
0.00455 -0.00223208420742
0.0046 -0.00343596461247
0.00465 -0.00463457255782
0.0047 -0.00583079285277
0.00475 -0.00702734788063
0.0048 -0.00822675385589
0.00485 -0.00943129084815
0.0049 -0.0106429839082
0.00495 -0.0118635987384
0.005 -0.0130946495749
0.00505 -0.0143374123995
0.0051 -0.0155929424813
0.00515 -0.0168620889207
0.0052 -0.0181455058623
0.00525 -0.0194436586015
0.0053 -0.0207568248057
0.00535 -0.0220850934039
0.0054 -0.0234283623665
0.00545 -0.0247863384828
0.0055 -0.0261585404703
0.00555 -0.0275443057466
0.0056 -0.0289428020868
0.00565 -0.0303530421676
0.0057 -0.0317738997764
0.00575 -0.0332041279084
0.0058 -0.0346423738651
0.00585 -0.0360871954639
0.0059 -0.0375370739166
0.00595 -0.0389904245987
0.006 -0.0404456081517
0.00605 -0.0419009384765
0.0061 -0.0433546928366
0.00615 -0.0448051204067
0.0062 -0.0462504532642
0.00625 -0.0476889157148
0.0063 -0.049118736061
0.00635 -0.0505381571495
0.0064 -0.0519454461405
0.00645 -0.0533389043896
0.0065 -0.0547168756626
0.00655 -0.0560777530195
0.0066 -0.0574199846986
0.00665 -0.0587420790012
0.0067 -0.0600426085106
0.00675 -0.06132021309
0.0068 -0.0625736033237
0.00685 -0.0638015621828
0.0069 -0.0650029481338
0.00695 -0.0661766967481
0.007 -0.0673218217017
0.00705 -0.0684374160516
0.0071 -0.0695226525134
0.00715 -0.0705767831839
0.0072 -0.0715991383196
0.00725 -0.0725891250049
0.0073 -0.0735462249311
0.00735 -0.0744699923982
0.0074 -0.0753600509843
0.00745 -0.0762160909367
0.0075 -0.0770378659518
0.00755 -0.0778251899004
0.0076 -0.0785779332192
0.00765 -0.0792960199688
0.0077 -0.0799794236149
0.00775 -0.0806281640026
0.0078 -0.0812423031658
0.00785 -0.0818219417742
0.0079 -0.0823672152476
0.00795 -0.0828782899531
0.008 -0.0833553594308
0.00805 -0.0837986407297
0.0081 -0.0842083709524
0.00815 -0.0845848037158
0.0082 -0.0849282060986
0.00825 -0.0852388555668
0.0083 -0.0855170370424
0.00835 -0.0857630403775
0.0084 -0.0859771578111
0.00845 -0.0861596817349
0.0085 -0.0863109025735
0.00855 -0.0864311069244
0.0086 -0.0865205759107
0.00865 -0.0865795835499
0.0087 -0.0866083956713
0.00875 -0.0866072687094
0.0088 -0.0865764489399
0.00885 -0.086516171786
0.0089 -0.0864266612356
0.00895 -0.0863081298692
0.009 -0.0861607784987
0.00905 -0.0859847962788
0.0091 -0.085780360901
0.00915 -0.0855476390933
0.0092 -0.085286787009
0.00925 -0.0849979507538
0.0093 -0.0846812670517
0.00935 -0.0843368643005
0.0094 -0.0839648631261
0.00945 -0.083565377604
0.0095 -0.0831385162034
0.00955 -0.0826843827857
0.0096 -0.0822030778265
0.00965 -0.0816946994695
0.0097 -0.081159344804
0.00975 -0.0805971110857
0.0098 -0.0800080966251
0.00985 -0.0793924022306
0.0099 -0.0787501322634
0.00995 -0.0780813955255
0.01 -0.0773863070364
0.01005 -0.0766649881435
0.0101 -0.0759175682992
0.01015 -0.0751441851715
0.0102 -0.0743449866422
0.01025 -0.0735201310296
0.0103 -0.0726697871989
0.01035 -0.0717941366719
0.0104 -0.0708933731829
0.01045 -0.0699677036779
0.0105 -0.0690173484256
0.01055 -0.0680425422387
0.0106 -0.0670435341406
0.01065 -0.0660205873658
0.0107 -0.0649739808028
0.01075 -0.0639040076622
0.0108 -0.0628109766975
0.01085 -0.0616952116505
0.0109 -0.0605570511399
0.01095 -0.0593968488834
0.011 -0.0582149735868
0.01105 -0.0570118082778
0.0111 -0.0557877503061
0.01115 -0.0545432108991
0.0112 -0.053278615273
0.01125 -0.0519944017447
0.0113 -0.0506910211769
0.01135 -0.0493689373104
0.0114 -0.0480286252108
0.01145 -0.0466705717118
0.0115 -0.0452952744163
0.01155 -0.0439032411413
0.0116 -0.042494989585
0.01165 -0.0410710464381
0.0117 -0.0396319469403
0.01175 -0.0381782349908
0.0118 -0.0367104608174
0.01185 -0.0352291826412
0.0119 -0.0337349644568
0.01195 -0.0322283762537
0.012 -0.0307099929065
0.01205 -0.029180394175
0.0121 -0.0276401643706
0.01215 -0.0260898906915
0.0122 -0.0245301639995
0.01225 -0.0229615779322
0.0123 -0.0213847281252
0.01235 -0.0198002118799
0.0124 -0.0182086281627
0.01245 -0.0166105770504
0.0125 -0.0150066587307
0.01255 -0.0133974743907
0.0126 -0.0117836245511
0.01265 -0.0101657095107
0.0127 -0.00854432923532
0.01275 -0.00692008235835
0.0128 -0.00529356618098
0.01285 -0.00366537744927
0.0129 -0.00203611046681
0.01295 -0.000406357982849
0.013 0.00122328925176
0.01305 0.00285224292866
0.0131 0.00447991651585
0.01315 0.00610572658996
0.0132 0.00772909172605
0.01325 0.00934943371878
0.0133 0.0109661772495
0.01335 0.0125787492198
0.0134 0.0141865804173
0.01345 0.0157891045161
0.0135 0.0173857579659
0.01355 0.0189759813241
0.0136 0.0205592175907
0.01365 0.0221349138736
0.0137 0.0237025205003
0.01375 0.025261491795
0.0138 0.0268112850797
0.01385 0.028351362006
0.0139 0.0298811880007
0.01395 0.0314002319318
0.014 0.0329079672197
0.01405 0.0344038710591
0.0141 0.0358874247529
0.01415 0.0373581140448
0.0142 0.0388154288972
0.01425 0.0402588641577
0.0143 0.0416879184485
0.01435 0.0431020957211
0.0144 0.0445009045897
0.01445 0.0458838585536
0.0145 0.0472504759971
0.01455 0.0486002809667
0.0146 0.0499328022827
0.01465 0.0512475746497
0.0147 0.0525441381015
0.01475 0.053822038667
0.0148 0.0550808281481
0.01485 0.0563200646753
0.0149 0.057539312263
0.01495 0.0587381415873
0.015 0.0599161296523
0.01505 0.0610728606785
0.0151 0.062207924993
0.01515 0.0633209211383
0.0152 0.064411453763
0.01525 0.0654791356208
0.0153 0.0665235869035
0.01535 0.0675444353526
0.0154 0.0685413169253
0.01545 0.0695138755722
0.0155 0.0704617634044
0.01555 0.0713846410259
0.0156 0.0722821777008
0.01565 0.0731540512415
0.0157 0.0739999484536
0.01575 0.0748195653018
0.0158 0.0756126066329
0.01585 0.0763787868413
0.0159 0.0771178298696
0.01595 0.0778294688195
0.016 0.0785134471459
0.01605 0.0791695175182
0.0161 0.0797974430145
0.01615 0.0803969964825
0.0162 0.0809679611786
0.01625 0.0815101304345
0.0163 0.0820233079899
0.01635 0.0825073081736
0.0164 0.0829619556949
0.01645 0.083387085949
0.0165 0.0837825449894
0.01655 0.0841481896109
0.0166 0.0844838874294
0.01665 0.0847895169075
0.0167 0.0850649674225
0.01675 0.0853101392995
0.0168 0.0855249438272
0.01685 0.0857093033211
0.0169 0.0858631511608
0.01695 0.0859864317238
0.017 0.0860791005042
0.01705 0.0861411240979
0.0171 0.0861724800785
0.01715 0.0861731572881
0.0172 0.0861431554493
0.01725 0.0860824854977
0.0173 0.0859911693325
0.01735 0.0858692399274
0.0174 0.0857167412752
0.01745 0.0855337283041
0.0175 0.085320267017
0.01755 0.0850764342417
0.0176 0.0848023176303
0.01765 0.0844980156598
0.0177 0.0841636378539
0.01775 0.0837993041171
0.0178 0.0834051452892
0.01785 0.082981302702
0.0179 0.0825279282344
0.01795 0.0820451844232
0.018 0.0815332440195
0.01805 0.0809922903771
0.0181 0.0804225168416
0.01815 0.079824127417
0.0182 0.079197335655
0.01825 0.0785423657102
0.0183 0.0778594511739
0.01835 0.0771488358516
0.0184 0.0764107735409
0.01845 0.0756455271429
0.0185 0.0748533694401
0.01855 0.0740345830958
0.0186 0.0731894594332
0.01865 0.0723182996563
0.0187 0.071421413851
0.01875 0.0704991212071
0.0188 0.0695517500183
0.01885 0.0685796372378
0.0189 0.0675831284788
0.01895 0.0665625783472
0.019 0.0655183493316
0.01905 0.0644508129133
0.0191 0.0633603483453
0.01915 0.0622473432073
0.0192 0.0611121927393
0.01925 0.0599553003973
0.0193 0.0587770769646
0.01935 0.0575779411072
0.0194 0.0563583183743
0.01945 0.0551186421979
0.0195 0.0538593525603
0.01955 0.0525808966602
0.0196 0.0512837284687
0.01965 0.0499683085073
0.0197 0.0486351037366
0.01975 0.0472845875567
0.0198 0.045917239363
0.01985 0.0445335446568
0.0199 0.0431339947128
0.01995 0.041719086468
0.02 0.0402893220771
0.02005 0.0388452093571
0.0201 0.0373872608992
0.02015 0.0359159945122
0.0202 0.0344319324463
0.02025 0.0329356018362
0.0203 0.0314275338139
0.02035 0.029908264285
0.0204 0.0283783323749
0.02045 0.0268382815388
0.0205 0.0252886588957
0.02055 0.0237300146734
0.0206 0.0221629026521
0.02065 0.0205878793877
0.0207 0.0190055042117
0.02075 0.0174163395643
0.0208 0.0158209495509
0.02085 0.0142199012745
0.0209 0.0126137633926
0.02095 0.0110031067828
0.021 0.00938850332232
0.02105 0.00777052710855
0.0211 0.0061497527941
0.02115 0.00452675614178
0.0212 0.00290211435769
0.02125 0.00127640431487
0.0213 -0.000349796225469
0.02135 -0.00197590894699
0.0214 -0.00360135653256
0.02145 -0.00522556088791
0.0215 -0.00684794502896
0.02155 -0.00846793241576
0.0216 -0.0100849471745
0.02165 -0.0116984146525
0.0217 -0.0133077614185
0.02175 -0.0149124154844
0.0218 -0.0165118067496
0.02185 -0.0181053665567
0.0219 -0.0196925285798
0.02195 -0.0212727287135
0.022 -0.0228454056278
0.02205 -0.0244099999914
0.0221 -0.0259659560253
0.02215 -0.0275127205045
0.0222 -0.0290497440894
0.02225 -0.0305764802162
0.0223 -0.0320923862067
0.02235 -0.0335969237128
0.0224 -0.0350895578278
0.02245 -0.0365697580863
0.0225 -0.0380369984634
0.02255 -0.0394907577085
0.0226 -0.0409305190116
0.02265 -0.0423557706699
0.0227 -0.0437660065319
0.02275 -0.0451607252196
0.0228 -0.0465394311287
0.02285 -0.0479016344276
0.0229 -0.0492468511693
0.02295 -0.0505746030687
0.023 -0.0518844185021
0.02305 -0.0531758321741
0.0231 -0.0544483850066
0.02315 -0.0557016248048
0.0232 -0.0569351065904
0.02325 -0.0581483917135
0.0233 -0.0593410494067
0.02335 -0.0605126556749
0.0234 -0.0616627942946
0.02345 -0.0627910567031
0.0235 -0.063897041998
0.02355 -0.0649803572705
0.0236 -0.0660406173835
0.02365 -0.0670774458597
0.0237 -0.0680904742708
0.02375 -0.0690793426817
0.0238 -0.0700436997062
0.02385 -0.0709832028952
0.0239 -0.0718975182377
0.02395 -0.072786320937
0.024 -0.0736492952452
0.02405 -0.0744861345181
0.0241 -0.0752965414374
0.02415 -0.0760802281215
0.0242 -0.0768369160706
0.02425 -0.0775663363326
0.0243 -0.0782682299474
0.02435 -0.0789423473364
0.0244 -0.0795884490795
0.02445 -0.0802063056099
0.0245 -0.0807956972974
0.02455 -0.081356414781
0.0246 -0.0818882588033
0.02465 -0.0823910404038
0.0247 -0.0828645808918
0.02475 -0.083308711971
0.0248 -0.0837232758506
0.02485 -0.0841081251692
0.0249 -0.0844631231885
0.02495 -0.0847881437176
0.025 -0.0850830712584
0.02505 -0.0853478009709
0.0251 -0.0855822387496
0.02515 -0.0857863012722
0.0252 -0.0859599159923
0.02525 -0.0861030211398
0.0253 -0.0862155658802
0.02535 -0.0862975101484
0.0254 -0.0863488247315
0.02545 -0.0863694914634
0.0255 -0.0863595028779
0.02555 -0.0863188624444
0.0256 -0.0862475845681
0.02565 -0.08614569459
0.0257 -0.0860132285922
0.02575 -0.0858502335929
0.0258 -0.0856567674625
0.02585 -0.0854328988686
0.0259 -0.0851787074141
0.02595 -0.0848942831384
0.026 -0.0845797272386
0.02605 -0.0842351513478
0.0261 -0.0838606777572
0.02615 -0.0834564396939
0.0262 -0.0830225804881
0.02625 -0.0825592544609
0.0263 -0.0820666259813
0.02635 -0.0815448701318
0.0264 -0.0809941722644
0.02645 -0.0804147279454
0.0265 -0.079806743066
0.02655 -0.0791704334541
0.0266 -0.0785060253734
0.02665 -0.0778137546359
0.0267 -0.0770938672675
0.02675 -0.076346618953
0.0268 -0.0755722751474
0.02685 -0.0747711110753
0.0269 -0.0739434109546
0.02695 -0.073089469328
0.027 -0.0722095892869
0.02705 -0.0713040834707
0.0271 -0.0703732734008
0.02715 -0.0694174900353
0.0272 -0.06843707277
0.02725 -0.0674323699935
0.0273 -0.0664037385324
0.02735 -0.0653515437617
0.0274 -0.0642761596053
0.02745 -0.0631779682026
0.0275 -0.0620573594649
0.02755 -0.060914731741
0.0276 -0.0597504907071
0.02765 -0.0585650502551
0.0277 -0.0573588313827
0.02775 -0.0561322625255
0.0278 -0.0548857797802
0.02785 -0.0536198255715
0.0279 -0.0523348499847
0.02795 -0.0510313093223
0.028 -0.0497096668814
0.02805 -0.0483703919542
0.0281 -0.0470139606053
0.02815 -0.0456408544503
0.0282 -0.0442515616554
0.02825 -0.0428465756046
0.0283 -0.0414263952331
0.02835 -0.0399915254714
0.0284 -0.0385424760239
0.02845 -0.03707976148
0.0285 -0.0356039016471
0.02855 -0.0341154208847
0.0286 -0.0326148478819
0.02865 -0.0311027161021
0.0287 -0.0295795623392
0.02875 -0.0280459277168
0.0288 -0.0265023573557
0.02885 -0.024949399485
0.0289 -0.0233876059977
0.02895 -0.0218175315624
0.029 -0.0202397341782
0.02905 -0.0186547740648
0.0291 -0.0170632146615
0.02915 -0.0154656212951
0.0292 -0.0138625614016
0.02925 -0.0122546047486
0.0293 -0.010642322436
0.02935 -0.00902628745112
0.0294 -0.00740707355825
0.02945 -0.00578525640923
0.0295 -0.00416141187789
0.02955 -0.00253611705931
0.0296 -0.000909949270617
0.02965 0.000716513615943
0.0297 0.00234269383916
0.02975 0.0039680136378
0.0298 0.00559189558374
0.02985 0.00721376280392
0.0299 0.00883303909145
0.02995 0.0104491492386
0.03 0.0120615187039
0.03005 0.0136695752771
0.0301 0.0152727470813
0.03015 0.016870464682
0.0302 0.018462160865
0.03025 0.0200472696375
0.0303 0.0216252281154
0.03035 0.0231954755238
0.0304 0.0247574541967
0.03045 0.0263106091324
0.0305 0.0278543884379
0.03055 0.029388243773
0.0306 0.0309116302392
0.03065 0.0324240064906
0.0307 0.0339248351782
0.03075 0.0354135832829
0.0308 0.0368897217823
0.03085 0.038352726206
0.0309 0.0398020768576
0.03095 0.0412372588147
0.031 0.0426577622617
0.03105 0.0440630822683
0.0311 0.0454527198992
0.03115 0.0468261813262
0.0312 0.0481829787164
0.03125 0.0495226297879
0.0313 0.0508446588092
0.03135 0.052148595822
0.0314 0.0534339779733
0.03145 0.0547003482945
0.0315 0.0559472570332
0.03155 0.0571742612096
0.0316 0.0583809248384
0.03165 0.0595668192614
0.0317 0.0607315232592
0.03175 0.0618746228289
0.0318 0.0629957120721
0.03185 0.064094392751
0.0319 0.0651702741773
0.03195 0.0662229744336
0.032 0.0672521195404
0.03205 0.0682573438451
0.0321 0.0692382900773
0.03215 0.0701946099037
0.0322 0.0711259635954
0.03225 0.0720320201387
0.0323 0.0729124577904
0.03235 0.0737669636891
0.0324 0.0745952342435
0.03245 0.0753969752996
0.0325 0.076171902029
0.03255 0.0769197390405
0.0326 0.0776402207124
0.03265 0.0783330911381
0.0327 0.0789981040695
0.03275 0.0796350233616
0.0328 0.0802436226952
0.03285 0.080823685937
0.0329 0.0813750069738
0.03295 0.0818973899618
0.033 0.0823906493547
0.03305 0.0828546098894
0.0331 0.0832891067809
0.03315 0.0836939856939
0.0332 0.0840691028127
0.03325 0.0844143248685
0.0333 0.0847295292561
0.03335 0.0850146040128
0.0334 0.0852694478859
0.03345 0.0854939703539
0.0335 0.0856880916907
0.03355 0.085851742958
0.0336 0.0859848660287
0.03365 0.0860874136488
0.0337 0.0861593494168
0.03375 0.0862006477975
0.0338 0.0862112941637
0.03385 0.0861912847129
0.0339 0.0861406266615
0.03395 0.0860593379952
0.034 0.0859474476354
0.03405 0.0858049953559
0.0341 0.0856320318661
0.03415 0.0854286186172
0.0342 0.0851948277736
0.03425 0.0849307426024
0.0343 0.0846364569731
0.03435 0.0843120753578
0.0344 0.0839577131645
0.03445 0.0835734961816
0.0345 0.0831595610225
0.03455 0.0827160548474
0.0346 0.0822431351974
0.03465 0.0817409701605
0.0347 0.0812097381499
0.03475 0.0806496279595
0.0348 0.0800608386525
0.03485 0.0794435792845
0.0349 0.078798069569
0.03495 0.0781245383234
0.035 0.0774232255785
0.03505 0.0766943800246
0.0351 0.0759382606773
0.03515 0.0751551364333
0.0352 0.0743452852928
0.03525 0.0735089953594
0.0353 0.0726465635072
0.03535 0.0717582963805
0.0354 0.0708445095053
0.03545 0.0699055276225
0.0355 0.0689416843547
0.03555 0.0679533220955
0.0356 0.0669407921201
0.03565 0.0659044543635
0.0357 0.0648446767543
0.03575 0.0637618359921
0.0358 0.0626563168808
0.03585 0.0615285122182
0.0359 0.0603788225735
0.03595 0.0592076568427
0.036 0.0580154306941
0.03605 0.0568025681227
0.0361 0.0555694998959
0.03615 0.0543166642197
0.0362 0.0530445061834
0.03625 0.0517534778706
0.0363 0.0504440380264
0.03635 0.0491166518352
0.0364 0.0477717910317
0.03645 0.0464099332348
0.0365 0.0450315628359
0.03655 0.043637169
0.0366 0.0422272475539
0.03665 0.0408022993201
0.0367 0.0393628307834
0.03675 0.0379093532025
0.0368 0.0364423830541
0.03685 0.0349624417002
0.0369 0.0334700548323
0.03695 0.031965752805
0.037 0.0304500700808
0.03705 0.0289235452299
0.0371 0.0273867207084
0.03715 0.025840142303
0.0372 0.0242843600193
0.03725 0.0227199261943
0.0373 0.0211473970509
0.03735 0.0195673309215
0.0374 0.0179802895798
0.03745 0.0163868366874
0.0375 0.0147875385701
0.03755 0.0131829634412
0.0376 0.0115736814013
0.03765 0.00996026421649
0.0377 0.00834328542909
0.03775 0.00672331924759
0.0378 0.00510094121278
0.03785 0.00347672819768
0.0379 0.00185125685328
0.03795 0.000225104940812
0.038 -0.00140114977851
0.03805 -0.00302692943246
0.0381 -0.00465165637083
0.03815 -0.00627475327649
0.0382 -0.00789564360948
0.03825 -0.00951375138493
0.0383 -0.0111285015062
0.03835 -0.0127393203198
0.0384 -0.0143456355048
0.03845 -0.0159468764052
0.0385 -0.0175424740308
0.03855 -0.0191318612784
0.0386 -0.0207144734874
0.03865 -0.0222897485509
0.0387 -0.0238571265821
0.03875 -0.0254160505813
0.0388 -0.0269659667678
0.03885 -0.0285063244702
0.0389 -0.0300365762362
0.03895 -0.0315561786107
0.039 -0.0330645913579
0.03905 -0.0345612785723
0.0391 -0.0360457086779
0.03915 -0.0375173540958
0.0392 -0.0389756917987
0.03925 -0.0404202037556
0.0393 -0.0418503765984
0.03935 -0.043265702399
0.0394 -0.0446656781143
0.03945 -0.0460498063635
0.0395 -0.0474175953167
0.03955 -0.0487685589173
0.0396 -0.050102217326
0.03965 -0.0514180963656
0.0397 -0.0527157287422
0.03975 -0.0539946533794
0.0398 -0.0552544156399
0.03985 -0.056494568214
0.0399 -0.0577146702311
0.03995 -0.0589142881483
0.04 -0.0600929959723
0.04005 -0.061250374704
0.0401 -0.0623860130049
0.04015 -0.0634995074193
0.0402 -0.0645904623737
0.04025 -0.0656584903997
0.0403 -0.0667032117447
0.04035 -0.0677242552049
0.0404 -0.0687212581251
0.04045 -0.0696938661771
0.0405 -0.0706417337477
0.04055 -0.07156452405
0.0406 -0.0724619090681
0.04065 -0.0733335702227
0.0407 -0.0741791975946
0.04075 -0.0749984908122
0.0408 -0.0757911586079
0.04085 -0.0765569194288
0.0409 -0.0772955011584
0.04095 -0.0780066414507
0.041 -0.0786900874241
0.04105 -0.0793455963555
0.0411 -0.0799729353197
0.04115 -0.080571881328
0.0412 -0.0811422216335
0.04125 -0.0816837534812
0.0413 -0.0821962845525
0.04135 -0.0826796326176
0.0414 -0.0831336259665
0.04145 -0.0835581032833
0.0415 -0.0839529136885
0.04155 -0.084317916912
0.0416 -0.084652983231
0.04165 -0.0849579935798
0.0417 -0.085232839558
0.04175 -0.0854774234944
0.0418 -0.0856916584558
0.04185 -0.0858754683049
0.0419 -0.0860287876912
0.04195 -0.0861515621581
0.042 -0.0862437480183
0.04205 -0.0863053124784
0.0421 -0.0863362337225
0.04215 -0.0863365006761
0.0422 -0.0863061131728
0.04225 -0.0862450820649
0.0423 -0.0861534290019
0.04235 -0.08603118643
0.0424 -0.0858783978979
0.04245 -0.0856951175291
0.0425 -0.0854814105492
0.04255 -0.0852373528422
0.0426 -0.0849630309502
0.04265 -0.0846585424618
0.0427 -0.0843239955132
0.04275 -0.0839595087873
0.0428 -0.0835652120139
0.04285 -0.083141245026
0.0429 -0.0826877585921
0.04295 -0.082204913806
0.043 -0.0816928820863
0.04305 -0.0811518453435
0.0431 -0.0805819958131
0.04315 -0.0799835360002
0.0432 -0.0793566786239
0.04325 -0.0787016459514
0.0433 -0.0780186710188
0.04335 -0.0773079964105
0.0434 -0.0765698745916
0.04345 -0.0758045676864
0.0435 -0.0750123477
0.04355 -0.0741934960745
0.0436 -0.0733483035779
0.04365 -0.0724770707481
0.0437 -0.071580106894
0.04375 -0.0706577307612
0.0438 -0.0697102700882
0.04385 -0.0687380610512
0.0439 -0.0677414497073
0.04395 -0.0667207898855
0.044 -0.0656764438522
0.04405 -0.0646087829777
0.0441 -0.0635181866259
0.04415 -0.0624050420436
0.0442 -0.0612697448038
0.04425 -0.0601126982516
0.0443 -0.0589343133921
0.04435 -0.0577350090025
0.0444 -0.056515210965
0.04445 -0.0552753528227
0.0445 -0.0540158750019
0.04455 -0.0527372249234
0.0446 -0.0514398568914
0.04465 -0.0501242319824
0.0447 -0.0487908174901
0.04475 -0.0474400869258
0.0448 -0.0460725204617
0.04485 -0.0446886039326
0.0449 -0.043288829057
0.04495 -0.0418736927719
0.045 -0.0404436983423
0.04505 -0.0389993533632
0.0451 -0.0375411714249
0.04515 -0.0360696702253
0.0452 -0.0345853729026
0.04525 -0.0330888064808
0.0453 -0.0315805026466
0.04535 -0.0300609974168
0.0454 -0.0285308308051
0.04545 -0.0269905461556
0.0455 -0.0254406906983
0.04555 -0.0238818153271
0.0456 -0.0223144737112
0.04565 -0.0207392227396
0.0457 -0.0191566220769
0.04575 -0.0175672339411
0.0458 -0.0159716228819
0.04585 -0.0143703560021
0.0459 -0.0127640021813
0.04595 -0.0111531320753
0.046 -0.00953831789404
0.04605 -0.00792013351305
0.0461 -0.00629915380693
0.04615 -0.0046759545385
0.0462 -0.00305111269182
0.04625 -0.00142520525094
0.0463 0.000201189911876
0.04635 0.00182749514645
0.0464 0.00345313258054
0.04645 0.00507752467498
0.0465 0.00670009422365
0.04655 0.00832026490863
0.0466 0.00993746118916
0.04665 0.0115511081906
0.0467 0.0131606327037
0.04675 0.0147654631844
0.0468 0.016365028977
0.04685 0.0179587623123
0.0469 0.0195460966424
0.04695 0.0211264680838
0.047 0.0226993150847
0.04705 0.0242640789796
0.0471 0.0258202039898
0.04715 0.0273671367791
0.0472 0.0289043282301
0.04725 0.0304312318899
0.0473 0.0319473054134
0.04735 0.0334520101194
0.0474 0.0349448114343
0.04745 0.0364251791148
0.0475 0.0378925870249
0.04755 0.0393465139139
0.0476 0.0407864431941
0.04765 0.0422118634957
0.0477 0.0436222680008
0.04775 0.045017155998
0.0478 0.0463960317715
0.04785 0.047758405268
0.0479 0.0491037927623
0.04795 0.0504317158584
0.048 0.0517417033767
0.04805 0.0530332893557
0.0481 0.0543060152723
0.04815 0.0555594285987
0.0482 0.0567930844676
0.04825 0.0580065442292
0.0483 0.0591993768938
0.04835 0.0603711587996
0.0484 0.0615214735011
0.04845 0.0626499122134
0.0485 0.0637560743672
0.04855 0.0648395666096
0.0486 0.0659000042476
0.04865 0.0669370104153
0.0487 0.0679502166845
0.04875 0.0689392631755
0.0488 0.0699037984467
0.04885 0.0708434797714
0.0489 0.0717579734715
0.04895 0.072646954473
0.049 0.0735101070279
0.04905 0.074347124603
0.0491 0.0751577096023
0.04915 0.0759415741446
0.0492 0.0766984397852
0.04925 0.0774280376278
0.0493 0.07813010849
0.04935 0.0788044028489
0.0494 0.0794506812566
0.04945 0.0800687140631
0.0495 0.0806582817489
0.04955 0.0812191747869
0.0496 0.0817511940305
0.04965 0.0822541503804
0.0497 0.0827278651599
0.04975 0.0831721701559
0.0498 0.0835869074667
0.04985 0.083971929793
0.0499 0.0843271003413
0.04995 0.0846522929588
0.05 1.4330333938e-06
0.05005 -9.17266999699e-07
0.0501 1.53219371904e-06
0.05015 -6.64719557423e-07
0.0502 1.62284794524e-06
0.05025 -5.35950552122e-07
0.0503 1.65585032002e-06
0.05035 -5.091374203e-07
0.0504 1.62293650904e-06
0.05045 -5.58193859683e-07
0.0505 1.53972177202e-06
0.05055 -6.5152778857e-07
0.0506 1.43321951241e-06
0.05065 -7.56436516692e-07
0.0507 1.33201894135e-06
0.05075 -8.44757724915e-07
0.0508 1.25912986289e-06
0.05085 -8.97310375453e-07
0.0509 1.2278352981e-06
0.05095 -9.0596301242e-07
0.051 1.24057959316e-06
0.05105 -8.73139176818e-07
0.0511 1.29043827704e-06
0.05115 -8.09257321741e-07
0.0512 1.36432501883e-06
0.05125 -7.28995016632e-07
0.0513 1.44691074713e-06
0.05135 -6.4737140823e-07
0.0514 1.52428278319e-06
0.05145 -5.76504505678e-07
0.0515 1.58661331818e-06
0.05155 -5.23601395229e-07
0.0516 1.62945485931e-06
0.05165 -4.90375954774e-07
0.0517 1.65364358071e-06
0.05175 -4.73750400891e-07
0.0518 1.66409082676e-06
0.05185 -4.67451613811e-07
0.0519 1.66792707637e-06
0.05195 -4.63995685676e-07
0.052 1.67251398385e-06
0.05205 -4.56565818055e-07
0.0521 1.68377247212e-06
0.05215 -4.4040316122e-07
0.0522 1.70512469889e-06
0.05225 -4.13504121046e-07
0.0523 1.73716220507e-06
0.05235 -3.76603152893e-07
0.0524 1.77797758996e-06
0.05245 -3.3257563619e-07
0.0525 1.82396779397e-06
0.05255 -2.85493633036e-07
0.0526 1.87085244813e-06
0.05265 -2.39597985205e-07
0.0527 1.91465249519e-06
0.05275 -1.98419317763e-07
0.0528 1.95242972924e-06
0.05285 -1.64206047575e-07
0.0529 1.98267533316e-06
0.05295 -1.37723307119e-07
0.053 2.00533045205e-06
0.05305 -1.18396410659e-07
0.0531 2.02150279885e-06
0.05315 -1.04704525421e-07
0.0532 2.03299568182e-06
0.05325 -9.46948336713e-08
0.0533 2.04178386213e-06
0.05335 -8.64861376425e-08
0.0534 2.0495568504e-06
0.05345 -7.86575363027e-08
0.0535 2.05741346068e-06
0.05355 -7.04616388881e-08
0.0536 2.06574372552e-06
0.05365 -6.18502976889e-08
0.0537 2.07428777813e-06
0.05375 -5.33428862572e-08
0.0538 2.08232566164e-06
0.05385 -4.57950053803e-08
0.0539 2.08893277551e-06
0.05395 -4.01358934212e-08
0.054 2.09323385472e-06
0.05405 -3.71367858079e-08
0.0541 2.09460114904e-06
0.05415 -3.72543376286e-08
0.0542 2.09276441101e-06
0.05425 -4.05690839157e-08
0.0543 2.08782505819e-06
0.05435 -4.6814999595e-08
0.0544 2.08018867265e-06
0.05445 -5.54775663852e-08
0.0545 2.07044476273e-06
0.05455 -6.59273405062e-08
0.0546 2.059228611e-06
0.05465 -7.75545255604e-08
0.0547 2.04709745737e-06
0.05475 -8.98761531163e-08
0.0548 2.03444433242e-06
0.05485 -1.02598461853e-07
0.0549 2.02146063455e-06
0.05495 -1.15629710171e-07
0.055 2.00814623373e-06
0.05505 -1.29049970928e-07
0.0551 1.99435611032e-06
0.05515 -1.4305228993e-07
0.0552 1.97986689933e-06
0.05525 -1.5787292789e-07
0.0553 1.96444563656e-06
0.05535 -1.73727375707e-07
0.0554 1.94790587345e-06
0.05545 -1.90764464034e-07
0.0555 1.93014180149e-06
0.05555 -2.09044726383e-07
0.0556 1.91113746071e-06
0.05565 -2.28542859452e-07
0.0557 1.89095395856e-06
0.05575 -2.49169022646e-07
0.0558 1.86970176189e-06
0.05585 -2.70800687148e-07
0.0559 1.84750698769e-06
0.05595 -2.93316041879e-07
0.056 1.82448023502e-06
0.05605 -3.16621305748e-07
0.0561 1.80069436901e-06
0.05615 -3.40667018145e-07
0.0562 1.77617456635e-06
0.05625 -3.65451648439e-07
0.0563 1.75090069702e-06
0.05635 -3.91013884785e-07
0.0564 1.72481946238e-06
0.05645 -4.17417137887e-07
0.0565 1.69786209083e-06
0.05655 -4.44730820519e-07
0.0566 1.66996296088e-06
0.05665 -4.73012833563e-07
0.0567 1.6410751511e-06
0.05675 -5.02296644851e-07
0.0568 1.61118027681e-06
0.05685 -5.32584778154e-07
0.0569 1.58029164168e-06
0.05695 -5.63848865572e-07
0.057 1.54845129886e-06
0.05705 -5.96035026787e-07
0.0571 1.51572276822e-06
0.05715 -6.29072466622e-07
0.0572 1.48218172649e-06
0.05725 -6.62882916275e-07
0.0573 1.44790696357e-06
0.05735 -6.97388827181e-07
0.0574 1.41297339615e-06
0.05745 -7.32518897475e-07
0.0575 1.37744814453e-06
0.05755 -7.68210354964e-07
0.0576 1.34138982907e-06
0.05765 -8.04408226597e-07
0.0577 1.30485052152e-06
0.05775 -8.41062428509e-07
0.0578 1.26787932225e-06
0.05785 -8.78123822553e-07
0.0579 1.23052637758e-06
0.05795 -9.15540392925e-07
0.058 1.19284627872e-06
0.05805 -9.53254455229e-07
0.0581 1.15490011422e-06
0.05815 -9.91201417604e-07
0.0582 1.11675587438e-06
0.05825 -1.02931018129e-06
0.0583 1.07848731914e-06
0.05835 -1.06750489535e-06
0.0584 1.04017173568e-06
0.05845 -1.10570753587e-06
0.0585 1.00188717923e-06
0.05855 -1.14384069191e-06
0.0586 9.63709801743e-07
0.05865 -1.18182999931e-06
0.0587 9.25711754727e-07
0.05875 -1.21960582926e-06
0.0588 8.87959952765e-07
0.05885 -1.25710405734e-06
0.0589 8.5051576093e-07
0.05895 -1.29426595391e-06
0.059 8.13435473272e-07
0.05905 -1.33103740425e-06
0.0591 7.76771317382e-07
0.05915 -1.36736775988e-06
0.0592 7.4057266757e-07
0.05925 -1.40320863533e-06
0.0593 7.04887172665e-07
0.05935 -1.43851290963e-06
0.0594 6.69761584626e-07
0.05945 -1.47323409369e-06
0.0595 6.35242183539e-07
0.05955 -1.50732611128e-06
0.0596 6.01374804373e-07
0.05965 -1.54074344076e-06
0.0597 5.68204557936e-07
0.05975 -1.57344149521e-06
0.0598 5.35775388373e-07
0.05985 -1.60537708885e-06
0.0599 5.04129618859e-07
0.05995 -1.63650884738e-06
0.06 4.73307611393e-07
0.06005 -1.66679745864e-06
0.0601 4.43347617921e-07
0.06015 -1.69620571469e-06
0.0602 4.14285843091e-07
0.06025 -1.72469835224e-06
0.0603 3.86156687565e-07
0.06035 -1.75224174271e-06
0.0604 3.58993104914e-07
0.06045 -1.77880350928e-06
0.0605 3.32826989688e-07
0.06055 -1.80435215338e-06
0.0606 3.07689518856e-07
0.06065 -1.82885675992e-06
0.0607 2.83611388918e-07
0.06075 -1.85228682509e-06
0.0608 2.60622919604e-07
0.06085 -1.87461222093e-06
0.0609 2.38754024657e-07
0.06095 -1.8958032829e-06
0.061 2.18034074448e-07
0.06105 -1.91583098702e-06
0.0611 1.98491689948e-07
0.06115 -1.93466717369e-06
0.0612 1.80154511685e-07
0.06125 -1.95228477635e-06
0.0613 1.63048981814e-07
0.06135 -1.9686580221e-06
0.0614 1.47200165409e-07
0.06145 -1.9837625857e-06
0.0615 1.32631622225e-07
0.06155 -1.99757569278e-06
0.0616 1.1936532627e-07
0.06165 -2.01007618078e-06
0.0617 1.07421620253e-07
0.06175 -2.02124453373e-06
0.0618 9.68191868727e-08
0.06185 -2.03106290944e-06
0.0619 8.75750190416e-08
0.06195 -2.03951517526e-06
0.062 7.97043754978e-08
0.06205 -2.04658696281e-06
0.0621 7.3220715061e-08
0.06215 -2.05226574457e-06
0.0622 6.81356100945e-08
0.06225 -2.05654092867e-06
0.0623 6.44586458578e-08
0.06235 -2.05940396272e-06
0.0624 6.21973162228e-08
0.06245 -2.06084843562e-06
0.0625 6.13569272543e-08
0.06255 -2.06087016609e-06
0.0626 6.19405186638e-08
0.06265 -2.05946726951e-06
0.0627 6.39488098558e-08
0.06275 -2.05664019836e-06
0.0628 6.73801731845e-08
0.06285 -2.05239175559e-06
0.0629 7.22306330941e-08
0.06295 -2.0467270841e-06
0.063 7.84938867954e-08
0.06305 -2.03965363742e-06
0.0631 8.61613404729e-08
0.06315 -2.03118113817e-06
0.0632 9.52221547833e-08
0.06325 -2.02132153e-06
0.0633 1.0566329437e-07
0.06335 -2.01008892746e-06
0.0634 1.17469577826e-07
0.06345 -1.99749956661e-06
0.0635 1.30623726495e-07
0.06355 -1.98357175679e-06
0.0636 1.45106412224e-07
0.06365 -1.96832583299e-06
0.0637 1.60896305359e-07
0.06375 -1.95178410704e-06
0.0638 1.77970124788e-07
0.06385 -1.93397081592e-06
0.0639 1.96302691653e-07
0.06395 -1.91491206579e-06
0.064 2.15866987712e-07
0.06405 -1.89463577118e-06
0.0641 2.36634218459e-07
0.06415 -1.87317158976e-06
0.0642 2.5857388021e-07
0.06425 -1.8505508538e-06
0.0643 2.81653829724e-07
0.06435 -1.8268064999e-06
0.0644 3.05840354584e-07
0.06445 -1.80197299891e-06
0.0645 3.31098242617e-07
0.06455 -1.77608628754e-06
0.0646 3.57390848979e-07
0.06465 -1.74918370278e-06
0.0647 3.84680160069e-07
0.06475 -1.72130391973e-06
0.0648 4.12926854044e-07
0.06485 -1.69248689262e-06
0.0649 4.42090358276e-07
0.06495 -1.6627737987e-06
0.065 4.72128904459e-07
0.06505 -1.63220698394e-06
0.0651 5.02999582292e-07
0.06515 -1.60082990969e-06
0.0652 5.34658392666e-07
0.06525 -1.56868709944e-06
0.0653 5.67060301142e-07
0.06535 -1.53582408501e-06
0.0654 6.00159292275e-07
0.06545 -1.50228735161e-06
0.0655 6.33908425075e-07
0.06555 -1.46812428182e-06
0.0656 6.68259889718e-07
0.06565 -1.43338309825e-06
0.0657 7.03165065425e-07
0.06575 -1.3981128051e-06
0.0658 7.38574579424e-07
0.06585 -1.36236312872e-06
0.0659 7.74438366906e-07
0.06595 -1.32618445715e-06
0.066 8.10705731955e-07
0.06605 -1.28962777868e-06
0.0661 8.47325409564e-07
0.06615 -1.25274461923e-06
0.0662 8.84245628869e-07
0.06625 -1.21558697843e-06
0.0663 9.21414177845e-07
0.06635 -1.17820726412e-06
0.0664 9.58778469654e-07
0.06645 -1.14065822509e-06
0.0665 9.96285610812e-07
0.06655 -1.102992882e-06
0.0666 1.03388247126e-06
0.06665 -1.06526445632e-06
0.0667 1.07151575632e-06
0.06675 -1.02752629752e-06
0.0668 1.10913208037e-06
0.06685 -9.89831808563e-07
0.0669 1.14667804207e-06
0.06695 -9.52234370013e-07
0.067 1.18410030087e-06
0.06705 -9.14787263079e-07
0.0671 1.22134565437e-06
0.06715 -8.77543591836e-07
0.0672 1.25836111637e-06
0.06725 -8.40556205017e-07
0.0673 1.29509399519e-06
0.06735 -8.03877617621e-07
0.0674 1.3314919721e-06
0.06745 -7.67559932627e-07
0.0675 1.36750317937e-06
0.06755 -7.31654763015e-07
0.0676 1.40307627812e-06
0.06765 -6.9621315434e-07
0.0677 1.43816053531e-06
0.06775 -6.61285508018e-07
0.0678 1.4727059001e-06
0.06785 -6.26921505532e-07
0.0679 1.50666307904e-06
0.06795 -5.93170033746e-07
0.068 1.53998361019e-06
0.06805 -5.60079111509e-07
0.0681 1.57261993578e-06
0.06815 -5.27695817739e-07
0.0682 1.6045254733e-06
0.06825 -4.96066221183e-07
0.0683 1.63565468488e-06
0.06835 -4.65235312013e-07
0.0684 1.66596314465e-06
0.06845 -4.35246935425e-07
0.0685 1.69540760415e-06
0.06855 -4.06143727362e-07
0.0686 1.72394605546e-06
0.06865 -3.77967052478e-07
0.0687 1.75153779212e-06
0.06875 -3.5075694443e-07
0.0688 1.77814346763e-06
0.06885 -3.24552048536e-07
0.0689 1.80372515157e-06
0.06895 -2.9938956686e-07
0.069 1.82824638334e-06
0.06905 -2.7530520575e-07
0.0691 1.85167222336e-06
0.06915 -2.52333125823e-07
0.0692 1.87396930184e-06
0.06925 -2.30505894445e-07
0.0693 1.89510586511e-06
0.06935 -2.09854440683e-07
0.0694 1.91505181935e-06
0.06945 -1.90408012759e-07
0.0695 1.93377877193e-06
0.06955 -1.72194138014e-07
0.0696 1.95126007018e-06
0.06965 -1.55238585385e-07
0.0697 1.96747083766e-06
0.06975 -1.39565330406e-07
0.0698 1.98238800785e-06
0.06985 -1.25196522753e-07
0.0699 1.99599035538e-06
0.06995 -1.1215245633e-07
0.07 2.00825852466e-06
0.07005 -1.00451541908e-07
0.0701 2.01917505595e-06
0.07015 -9.01102823215e-08
0.0702 2.02872440886e-06
0.07025 -8.11432502425e-08
0.0703 2.03689298336e-06
0.07035 -7.35630685255e-08
0.0704 2.04366913804e-06
0.07045 -6.73803931504e-08
0.0705 2.04904320595e-06
0.07055 -6.26038987726e-08
0.0706 2.05300750769e-06
0.07065 -5.92402669e-08
0.0707 2.05555636194e-06
0.07075 -5.72941767184e-08
0.0708 2.05668609327e-06
0.07085 -5.6768298587e-08
0.0709 2.05639503734e-06
0.07095 -5.76632902274e-08
0.071 2.05468354333e-06
0.07105 -5.99777956278e-08
0.0711 2.05155397368e-06
0.07115 -6.37084466838e-08
0.0712 2.04701070105e-06
0.07125 -6.88498675929e-08
0.0713 2.04106010258e-06
0.07135 -7.53946820168e-08
0.0714 2.03371055134e-06
0.07145 -8.33335230227e-08
0.0715 2.02497240494e-06
0.07155 -9.26550458084e-08
0.0716 2.01485799149e-06
0.07165 -1.03345943212e-07
0.0717 2.00338159264e-06
0.07175 -1.15390964003e-07
0.0718 1.99055942393e-06
0.07185 -1.28772933942e-07
0.0719 1.97640961235e-06
0.07195 -1.434727796e-07
0.072 1.96095217112e-06
0.07205 -1.5946955491e-07
0.0721 1.94420897183e-06
0.07215 -1.76740470426e-07
0.0722 1.92620371381e-06
0.07225 -1.95260925261e-07
0.0723 1.90696189087e-06
0.07235 -2.15004541661e-07
0.0724 1.8865107554e-06
0.07245 -2.35943202172e-07
0.0725 1.86487927998e-06
0.07255 -2.58047089346e-07
0.0726 1.84209811639e-06
0.07265 -2.8128472794e-07
0.0727 1.81819955218e-06
0.07275 -3.05623029529e-07
0.0728 1.79321746489e-06
0.07285 -3.31027339487e-07
0.0729 1.76718727393e-06
0.07295 -3.57461486241e-07
0.073 1.74014589017e-06
0.07305 -3.84887832747e-07
0.0731 1.71213166342e-06
0.07315 -4.13267330083e-07
0.0732 1.6831843278e-06
0.07325 -4.42559573097e-07
0.0733 1.65334494509e-06
0.07335 -4.72722858006e-07
0.0734 1.62265584621e-06
0.07345 -5.03714241869e-07
0.0735 1.59116057081e-06
0.07355 -5.35489603836e-07
0.0736 1.5589038052e-06
0.07365 -5.68003708077e-07
0.0737 1.5259313186e-06
0.07375 -6.01210268302e-07
0.0738 1.49228989786e-06
0.07385 -6.35062013766e-07
0.0739 1.45802728078e-06
0.07395 -6.6951075666e-07
0.074 1.423192088e-06
0.07405 -7.04507460802e-07
0.0741 1.38783375378e-06
0.07415 -7.400023115e-07
0.0742 1.3520024555e-06
0.07425 -7.75944786509e-07
0.0743 1.31574904227e-06
0.07435 -8.12283727971e-07
0.0744 1.27912496251e-06
0.07445 -8.4896741522e-07
0.0745 1.24218219073e-06
0.07455 -8.85943638377e-07
0.0746 1.20497315361e-06
0.07465 -9.23159772601e-07
0.0747 1.16755065544e-06
0.07475 -9.6056285291e-07
0.0748 1.12996780307e-06
0.07485 -9.98099649461e-07
0.0749 1.09227793043e-06
0.07495 -1.03571674318e-06
0.075 1.05453452276e-06
0.07505 -1.07336060166e-06
0.0751 1.01679114064e-06
0.07515 -1.11097765517e-06
0.0752 9.79101343928e-07
0.07525 -1.14851437272e-06
0.0753 9.41518615736e-07
0.07535 -1.18591733806e-06
0.0754 9.04096286474e-07
0.07545 -1.22313332555e-06
0.0755 8.66887458164e-07
0.07555 -1.26010937565e-06
0.0756 8.29944929064e-07
0.07565 -1.2967928701e-06
0.0757 7.93321118724e-07
0.07575 -1.33313160666e-06
0.0758 7.5706799359e-07
0.07585 -1.36907387313e-06
0.0759 7.21236993234e-07
0.07595 -1.40456852081e-06
0.076 6.8587895734e-07
0.07605 -1.43956503709e-06
0.0761 6.5104405353e-07
0.07615 -1.47401361714e-06
0.0762 6.16781706137e-07
0.07625 -1.50786523466e-06
0.0763 5.8314052603e-07
0.07635 -1.54107171148e-06
0.0764 5.50168241577e-07
0.07645 -1.57358578598e-06
0.0765 5.17911630862e-07
0.07655 -1.60536118022e-06
0.0766 4.86416455235e-07
0.07665 -1.63635266569e-06
0.0767 4.55727394302e-07
0.07675 -1.66651612758e-06
0.0768 4.25887982437e-07
0.07685 -1.69580862741e-06
0.0769 3.96940546922e-07
0.07695 -1.72418846413e-06
0.077 3.68926147783e-07
0.07705 -1.75161523333e-06
0.0771 3.41884519433e-07
0.07715 -1.77804988472e-06
0.0772 3.15854014181e-07
0.07725 -1.8034547776e-06
0.0773 2.90871547709e-07
0.07735 -1.82779373443e-06
0.0774 2.6697254658e-07
0.07745 -1.85103209223e-06
0.0775 2.44190897867e-07
0.07755 -1.87313675187e-06
0.0776 2.22558900963e-07
0.07765 -1.89407622518e-06
0.0777 2.02107221646e-07
0.07775 -1.91382067968e-06
0.0778 1.82864848473e-07
0.07785 -1.93234198103e-06
0.0779 1.6485905155e-07
0.07795 -1.94961373307e-06
0.078 1.48115343748e-07
0.07805 -1.96561131529e-06
0.0781 1.3265744443e-07
0.07815 -1.98031191789e-06
0.0782 1.18507245707e-07
0.07825 -1.99369457424e-06
0.0783 1.0568478132e-07
0.07835 -2.00574019062e-06
0.0784 9.42081981454e-08
0.07845 -2.01643157343e-06
0.0785 8.40937303982e-08
0.07855 -2.02575345361e-06
0.0786 7.53556765513e-08
0.07865 -2.03369250837e-06
0.0787 6.8006379011e-08
0.07875 -2.04023738007e-06
0.0788 6.2056206575e-08
0.07885 -2.04537869242e-06
0.0789 5.75135396991e-08
0.07895 -2.04910906379e-06
0.079 5.43847585911e-08
0.07905 -2.05142311767e-06
0.0791 5.26742341508e-08
0.07915 -2.0523174903e-06
0.0792 5.23843217667e-08
0.07925 -2.0517908355e-06
0.0793 5.35153579786e-08
0.07935 -2.0498438265e-06
0.0794 5.60656600112e-08
0.07945 -2.04647915501e-06
0.0795 6.00315281768e-08
0.07955 -2.04170152737e-06
0.0796 6.54072511461e-08
0.07965 -2.03551765787e-06
0.0797 7.21851140761e-08
0.07975 -2.02793625917e-06
0.0798 8.03554095866e-08
0.07985 -2.01896802991e-06
0.0799 8.99064515662e-08
0.07995 -2.00862563952e-06
0.08 0.00595658392655
0.08005 -0.108209319874
0.0801 -0.182945028197
0.08015 -0.221074418718
0.0802 -0.22174349585
0.08025 -0.197110274859
0.0803 -0.159659236072
0.08035 -0.123313957981
0.0804 -0.0982922198824
0.08045 -0.0904900854383
0.0805 -0.100496659814
0.08055 -0.124622935527
0.0806 -0.156323870523
0.08065 -0.18817319656
0.0807 -0.213593639637
0.08075 -0.228163606033
0.0808 -0.230202716995
0.08085 -0.220692795887
0.0809 -0.202621766488
0.08095 -0.180026847104
0.081 -0.156961747884
0.08105 -0.136653623165
0.0811 -0.120968337477
0.08115 -0.110275266978
0.0812 -0.103642547883
0.08125 -0.0992928948727
0.0813 -0.0951478988963
0.08135 -0.0893574264268
0.0814 -0.0806736685549
0.08145 -0.0686450245087
0.0815 -0.0535899932641
0.08155 -0.0364234518263
0.0816 -0.0183689782169
0.08165 -0.000667629954313
0.0817 0.0156826568968
0.08175 0.030077308402
0.0818 0.0423607170565
0.08185 0.0527625510487
0.0819 0.0617780078084
0.08195 0.069998409122
0.082 0.0779661073491
0.08205 0.0860517085551
0.0821 0.0944051513239
0.08215 0.102949426325
0.0822 0.111439909025
0.08225 0.119536217243
0.0823 0.126897926721
0.08235 0.133250410752
0.0824 0.138440709554
0.08245 0.142444081756
0.0825 0.145357229089
0.08255 0.147352892107
0.0826 0.148641135142
0.08265 0.149415445641
0.0827 0.149826752647
0.08275 0.149957102611
0.0828 0.149827610019
0.08285 0.149404035912
0.0829 0.148628097961
0.08295 0.147434319329
0.083 0.145780175779
0.08305 0.1436517466
0.0831 0.141076765385
0.08315 0.138111976453
0.0832 0.134840836921
0.08325 0.131351275345
0.0833 0.127730624343
0.08335 0.124046870776
0.0834 0.120351516981
0.08345 0.11667073984
0.0835 0.11301767381
0.08355 0.109390574235
0.0836 0.105788600917
0.08365 0.102209840008
0.0837 0.0986639650389
0.08375 0.095165351082
0.0838 0.0917404090356
0.08385 0.0884161820437
0.0839 0.0852248070472
0.08395 0.0821912281149
0.084 0.0793386138714
0.08405 0.0766783545893
0.0841 0.0742183713927
0.08415 0.0719558966566
0.0842 0.0698878778167
0.08425 0.0680048397665
0.0843 0.0663012999364
0.08435 0.0647687582198
0.0844 0.0634046960707
0.08445 0.0622040100057
0.0845 0.0611666707704
0.08455 0.0602882897555
0.0846 0.059567485452
0.08465 0.058996701445
0.0847 0.0585702157446
0.08475 0.0582757916147
0.0848 0.0581034949817
0.08485 0.0580379599398
0.0849 0.0580675241279
0.08495 0.0581765023947
0.085 0.0583540656031
0.08505 0.0585860941306
0.0851 0.0588635881582
0.08515 0.0591741147176
0.0852 0.0595099426441
0.08525 0.0598593849298
0.0853 0.0602149866341
0.08535 0.0605650400987
0.0854 0.060902000122
0.08545 0.0612142279905
0.0855 0.0614945769623
0.08555 0.0617322232295
0.0856 0.0619212472932
0.08565 0.0620523854338
0.0857 0.0621214794137
0.08575 0.0621210838405
0.0858 0.0620487874158
0.08585 0.0618987324803
0.0859 0.0616698948512
0.08595 0.0613576133588
0.086 0.060961912095
0.08605 0.0604790934547
0.0861 0.0599101228896
0.08615 0.059252270689
0.0862 0.0585075198262
0.08625 0.0576742084051
0.0863 0.0567554121936
0.08635 0.0557505500998
0.0864 0.05466372374
0.08645 0.0534952870538
0.0865 0.0522501593384
0.08655 0.0509293847606
0.0866 0.0495384484993
0.08665 0.048078852134
0.0867 0.0465564492163
0.08675 0.0449730437514
0.0868 0.0433347412007
0.08685 0.0416435605091
0.0869 0.0399057864395
0.08695 0.0381235798232
0.087 0.0363033225682
0.08705 0.0344472196928
0.0871 0.0325616378946
0.08715 0.0306487026998
0.0872 0.0287146380313
0.08725 0.0267613700188
0.0873 0.0247948717851
0.08735 0.0228167792471
0.0874 0.0208327442284
0.08745 0.0188440608077
0.0875 0.0168560232051
0.08755 0.0148695580144
0.0876 0.0128895830895
0.08765 0.0109166415525
0.0877 0.00895526001391
0.08775 0.00700558435719
0.0878 0.00507173740384
0.08785 0.00315345725172
0.0879 0.00125445893654
0.08795 -0.000625924231959
0.088 -0.00248437490074
0.08805 -0.00432194545231
0.0881 -0.00613568990399
0.08815 -0.00792701380093
0.0882 -0.00969330611541
0.08825 -0.0114362856982
0.0883 -0.0131536347319
0.08835 -0.0148473446277
0.0884 -0.0165153497004
0.08845 -0.0181598720659
0.0885 -0.019779057093
0.08855 -0.0213753161907
0.0886 -0.0229469638152
0.08865 -0.0244965575924
0.0887 -0.0260225373227
0.08875 -0.0275275633279
0.0888 -0.0290101568989
0.08885 -0.0304730390868
0.0889 -0.0319147717059
0.08895 -0.0333380970124
0.089 -0.0347415808174
0.08905 -0.0361279522767
0.0891 -0.0374957504448
0.08915 -0.0388476621778
0.0892 -0.0401821724623
0.08925 -0.0415019023181
0.0893 -0.0428052604595
0.08935 -0.0440947819746
0.0894 -0.0453687818746
0.08945 -0.0466296938844
0.0895 -0.0478757261003
0.08955 -0.0491092003364
0.0896 -0.0503282094478
0.08965 -0.0515349575646
0.0897 -0.052727419192
0.08975 -0.0539076791109
0.0898 -0.0550735939204
0.08985 -0.0562271322719
0.0899 -0.0573660377437
0.08995 -0.0584921681867
0.09 -0.0596031610415
0.09005 -0.0607007726845
0.0901 -0.0617825444108
0.09015 -0.0628501416694
0.0902 -0.0639010213783
0.09025 -0.0649367706045
0.0903 -0.0659547757113
0.09035 -0.0669565589839
0.0904 -0.0679394503862
0.09045 -0.0689049226319
0.0905 -0.069850264107
0.09055 -0.0707769129417
0.0906 -0.0716821307653
0.09065 -0.0725673358908
0.0907 -0.0734297776795
0.09075 -0.0742708687265
0.0908 -0.0750878600031
0.09085 -0.0758821715429
0.0909 -0.076651068528
0.09095 -0.0773959905875
0.091 -0.0781142288273
0.09105 -0.0788072531024
0.0911 -0.0794723903513
0.09115 -0.0801111502026
0.0912 -0.0807209038373
0.09125 -0.0813032084574
0.0913 -0.0818554864806
0.09135 -0.0823793487188
0.0914 -0.0828722741282
0.09145 -0.0833359315021
0.0915 -0.0837678602344
0.09155 -0.0841697901186
0.0916 -0.0845393230715
0.09165 -0.0848782514781
0.0917 -0.0851842406414
0.09175 -0.0854591457244
0.0918 -0.0857006950023
0.09185 -0.0859108054561
0.0919 -0.0860872667937
0.09195 -0.0862320558199
0.092 -0.086343021251
0.09205 -0.0864221967424
0.0921 -0.0864674867714
0.09215 -0.0864809784229
0.0922 -0.0864606281051
0.09225 -0.0864085721137
0.0923 -0.086322814541
0.09235 -0.0862055365356
0.0924 -0.0860547853778
0.09245 -0.0858727823786
0.0925 -0.0856576134542
0.09255 -0.0854115355258
0.0926 -0.0851326681496
0.09265 -0.0848232994441
0.0927 -0.0844815784975
0.09275 -0.0841098199072
0.0928 -0.0837061977969
0.09285 -0.0832730495238
0.0929 -0.0828085704167
0.09295 -0.0823151166512
0.093 -0.0817909012641
0.09305 -0.0812382958633
0.0931 -0.0806555281405
0.09315 -0.0800449824156
0.0932 -0.0794048982598
0.09325 -0.0787376704291
0.0933 -0.0780415480982
0.09335 -0.0773189342386
0.0934 -0.0765680865739
0.09345 -0.0757914146259
0.0935 -0.0749871832236
0.09355 -0.0741578075509
0.0936 -0.0733015584321
0.09365 -0.0724208566023
0.0937 -0.0715139783257
0.09375 -0.0705833493335
0.0938 -0.0696272516632
0.09385 -0.0686481160419
0.0939 -0.0676442297251
0.09395 -0.0666180296573
0.094 -0.065567808867
0.09405 -0.064496010072
0.0941 -0.0634009337394
0.09415 -0.062285028693
0.0942 -0.0611466031716
0.09425 -0.0599881133265
0.0943 -0.0588078759452
0.09435 -0.0576083557277
0.0944 -0.0563878784545
0.09445 -0.0551489178183
0.0945 -0.0538898101466
0.09455 -0.0526130392354
0.0946 -0.0513169518481
0.09465 -0.050004042439
0.0947 -0.0486726700951
0.09475 -0.0473253403728
0.0948 -0.0459604241274
0.09485 -0.0445804395719
0.0949 -0.0431837697743
0.09495 -0.0417729451599
0.095 -0.0403463622305
0.09505 -0.0389065632907
0.0951 -0.0374519580541
0.09515 -0.0359851017038
0.0952 -0.03450441661
0.09525 -0.0330124703905
0.0953 -0.0315076982939
0.09535 -0.0299926798174
0.0954 -0.0284658627552
0.09545 -0.026929838151
0.0955 -0.0253830654562
0.09555 -0.0238281467056
0.0956 -0.0222635525642
0.09565 -0.0206918949476
0.0957 -0.0191116551789
0.09575 -0.0175254542778
0.0958 -0.015931782671
0.09585 -0.014333269816
0.0959 -0.0127284144662
0.09595 -0.0111198528515
0.096 -0.00950609094177
0.09605 -0.00788977151713
0.0961 -0.00626940565455
0.09615 -0.00464764113021
0.0962 -0.00302299401703
0.09625 -0.00139811486678
0.0963 0.000228476250791
0.09635 0.00185412678554
0.0964 0.00348031478033
0.09645 0.00510438635274
0.0965 0.00672781910153
0.09655 0.00834795925532
0.0966 0.00996628507902
0.09665 0.0115801444666
0.0967 0.0131910172372
0.09675 0.0147962539493
0.0968 0.0163973374198
0.09685 0.0179916224261
0.0969 0.0195805955596
0.09695 0.0211616165938
0.097 0.0227361775604
0.09705 0.0243016443389
0.0971 0.0258595149563
0.09715 0.0274071627307
0.0972 0.0289460923503
0.09725 0.030473685682
0.0973 0.0319914555187
0.09735 0.0334967924979
0.0974 0.0349912184055
0.09745 0.0364721338711
0.0975 0.0379410703393
0.09755 0.039395438876
0.0976 0.0408367814729
0.09765 0.0422625206311
0.0977 0.0436742095559
0.09775 0.0450692828496
0.0978 0.0464493052637
0.09785 0.0478117241684
0.0979 0.0491581169717
0.09795 0.0504859439223
0.098 0.05179679564
0.09805 0.0530881463622
0.0981 0.0543615999204
0.09815 0.055614644763
0.0982 0.0568488991544
0.09825 0.058061866309
0.0983 0.059255178813
0.09835 0.0604263554241
0.0984 0.0615770437164
0.09845 0.0627047782128
0.0985 0.0638112215865
0.09855 0.0648939247919
0.0986 0.0659545666004
0.09865 0.0669907143974
0.0987 0.0680040631085
0.09875 0.0689921974384
0.0988 0.0699568290216
0.09885 0.070895559827
0.0989 0.0718101186973
0.09895 0.0726981253652
0.099 0.0735613263259
0.09905 0.0743973594642
0.0991 0.0752079890947
0.09915 0.0759908719202
0.0992 0.0767477901856
0.09925 0.0774764196896
0.0993 0.0781785615508
0.09935 0.0788519106084
0.0994 0.079498286938
0.09945 0.0801154052241
0.0995 0.0807051046382
0.09955 0.0812651199877
0.0996 0.0817973100949
0.09965 0.0822994298901
0.0997 0.0827733582492
0.09975 0.083216870697
0.0998 0.0836318661629
0.09985 0.0840161411619
0.0999 0.0843716150585
0.09995 0.0846961054238
0.1 0.0849915523216
0.10005 0.0852557946585
0.1001 0.0854907933889
0.10015 0.0856944089348
0.1002 0.0858686233083
0.10025 0.0860113186301
0.1003 0.0861244981418
0.10035 0.0862060657799
0.1004 0.0862580460818
0.10045 0.0862783649247
0.1005 0.0862690683426
0.10055 0.0862281041119
0.1006 0.0861575397496
0.10065 0.0860553451534
0.1007 0.085923609212
0.10075 0.0857603239443
0.1008 0.085567599722
0.10085 0.0853434504075
0.1009 0.0850900078555
0.10095 0.0848053079665
0.101 0.0844915038557
0.10105 0.0841466533506
0.1011 0.0837729305498
0.10115 0.0833684149858
0.1012 0.0829353020178
0.10125 0.0824716926057
0.1013 0.0819798028144
0.10135 0.0814577549201
0.1014 0.0809077857491
0.10145 0.0803280385607
0.1015 0.0797207704427
0.10155 0.0790841455268
0.1016 0.0784204408848
0.10165 0.0777278412986
0.1017 0.0770086433801
0.10175 0.076261051895
0.1018 0.0754873829952
0.10185 0.0746858613197
0.1019 0.073858821894
0.10195 0.0730045084529
0.102 0.072125275007
0.10205 0.0712193839427
0.1021 0.0702892072563
0.10215 0.069333025875
0.1022 0.0683532296697
0.10225 0.0673481173312
0.1023 0.0663200959388
0.10235 0.065267481725
0.1024 0.0641926980894
0.10245 0.0630940784729
0.1025 0.0619740621514
0.10255 0.0608309991081
0.1026 0.0596673441621
0.10265 0.0584814626177
0.1027 0.0572758247261
0.10275 0.0560488110017
0.1028 0.0548029056845
0.10285 0.053536504055
0.1029 0.052252103898
0.10295 0.0509481143715
0.103 0.0496270465832
0.10305 0.048287323125
0.1031 0.0469314669838
0.10315 0.0455579132971
0.1032 0.0441691971531
0.10325 0.0427637654579
0.1033 0.0413441644019
0.10335 0.0399088519934
0.1034 0.038460384748
0.10345 0.036997230888
0.1035 0.0355219568099
0.10355 0.0340330407282
0.1036 0.0325330574771
0.10365 0.0310204944858
0.1037 0.0294979343603
0.10375 0.0279638731894
0.1038 0.0264209006846
0.10385 0.0248675204842
0.1039 0.023306328961
0.10395 0.0217358364149
0.104 0.0201586449916
0.10405 0.0185732705422
0.1041 0.0169823207636
0.10415 0.0153843165028
0.1042 0.0137818696757
0.10425 0.012173505459
0.1043 0.0105618388774
0.10435 0.00894539910431
0.1044 0.00732680327383
0.10445 0.00570458355714
0.1045 0.00408135919761
0.10455 0.00245566358772
0.1046 0.000830117303123
0.10465 -0.000796745042481
0.1047 -0.00242230287342
0.10475 -0.00404802146498
0.1048 -0.00567128057455
0.10485 -0.00729354614355
0.1049 -0.00891219959471
0.10495 -0.0105287078687
0.105 -0.0121404551637
0.10505 -0.0137489101968
0.1051 -0.0153514603859
0.10515 -0.0169495776676
0.1052 -0.0185406530127
0.10525 -0.0201261623545
0.1053 -0.0217035014377
0.10535 -0.0232741508587
0.1054 -0.0248355114691
0.10545 -0.0263890696386
0.1055 -0.0279322327691
0.10555 -0.0294664926703
0.1056 -0.0309892645158
0.10565 -0.0325020472207
0.1057 -0.0340022630639
0.10575 -0.0354914190654
0.1058 -0.0369669464968
0.10585 -0.0384303603716
0.1059 -0.0398791016206
0.10595 -0.041314694694
0.106 -0.0427345904038
0.10605 -0.044140322859
0.1061 -0.0455293543069
0.10615 -0.0469032295149
0.1062 -0.0482594219434
0.10625 -0.0495994880171
0.1063 -0.0509209132979
0.10635 -0.0522252665341
0.1064 -0.0535100460552
0.10645 -0.0547768333769
0.1065 -0.0560231403736
0.10655 -0.0572505622168
0.1066 -0.0584566249916
0.10665 -0.0596429376364
0.1067 -0.0608070414465
0.10675 -0.0619505595711
0.1068 -0.0630710491817
0.10685 -0.0641701484155
0.1069 -0.0652454305422
0.10695 -0.0662985499085
0.107 -0.0673270957713
0.10705 -0.0683327390195
0.1071 -0.0693130863406
0.10715 -0.0702698251105
0.1072 -0.0712005797802
0.10725 -0.072107055156
0.1073 -0.0729868937857
0.10735 -0.0738418182948
0.1074 -0.0746694897162
0.10745 -0.0754716491606
0.1075 -0.076245976535
0.10755 -0.0769942316572
0.1076 -0.0777141139741
0.10765 -0.078407402122
0.1077 -0.0790718155595
0.10775 -0.0797091523796
0.1078 -0.080317152025
0.10785 -0.0808976324617
0.1079 -0.0814483536715
0.10795 -0.0819711536047
0.108 -0.0824638130595
0.10805 -0.0829281903174
0.1081 -0.0833620872292
0.10815 -0.0837673826988
0.1082 -0.0841418997894
0.10825 -0.0844875382629
0.1083 -0.0848021426536
0.10835 -0.0850876337325
0.1084 -0.0853418776763
0.10845 -0.0855668164372
0.1085 -0.0857603379748
0.10855 -0.0859244055211
0.1086 -0.0860569289591
0.10865 -0.0861598929137
0.1087 -0.0862312292572
0.10875 -0.0862729440834
0.1088 -0.0862829912888
0.10885 -0.08626339845
0.1089 -0.0862121415154
0.10895 -0.0861312696276
0.109 -0.0860187807731
0.10905 -0.0858767454942
0.1091 -0.0857031838151
0.10915 -0.0855001877333
0.1092 -0.0852657992
0.10925 -0.085002131529
0.1093 -0.0847072485429
0.10935 -0.0843832847054
0.1094 -0.0840283254885
0.10945 -0.0836445266164
0.1095 -0.0832299950443
0.10955 -0.0827869071466
0.1096 -0.0823133914167
0.10965 -0.0818116449902
0.1097 -0.0812798173437
0.10975 -0.0807201260413
0.1098 -0.0801307415426
0.10985 -0.0795139013956
0.1099 -0.0788677968214
0.10995 -0.078194685352
0.11 -0.0774927779704
0.11005 -0.0767643521927
0.1101 -0.076007638986
0.11015 -0.0752249347401
0.1102 -0.0744144899622
0.11025 -0.0735786203601
0.1103 -0.0727155954256
0.11035 -0.0718277486301
0.1104 -0.0709133688947
0.11045 -0.0699748075652
0.1105 -0.0690103717702
0.11055 -0.0680224303974
0.1106 -0.0670093082278
0.11065 -0.0659733914686
0.1107 -0.0649130218873
0.11075 -0.0638306024556
0.1108 -0.0627244917053
0.11085 -0.0615971082621
0.1109 -0.0604468273114
0.11095 -0.0592760830221
0.111 -0.0580832659006
0.11105 -0.0568708247708
0.1111 -0.0556371657932
0.11115 -0.0543847517805
0.1112 -0.0531120031043
0.11125 -0.0518213965661
0.1113 -0.0505113663041
0.11135 -0.0491844022205
0.1114 -0.0478389511103
0.11145 -0.0464775154211
0.1115 -0.0450985550484
0.11155 -0.0437045834312
0.1116 -0.0422940722334
0.11165 -0.0408695462183
0.1117 -0.039429488152
0.11175 -0.0379764330118
0.1118 -0.0365088735559
0.11185 -0.0350293545316
0.1119 -0.0335363786892
0.11195 -0.0320324992137
0.112 -0.030516227848
0.11205 -0.0289901255489
0.1121 -0.0274527124969
0.11215 -0.0259065569763
0.1122 -0.0243501863843
0.11225 -0.0227861754441
0.1123 -0.0212130581034
0.11235 -0.0196334149697
0.1124 -0.0180457857638
0.11245 -0.0164527560893
0.1125 -0.0148528705518
0.11255 -0.0132487186407
0.1126 -0.0116388495138
0.11265 -0.0100258555468
0.1127 -0.00840828978332
0.11275 -0.00678874704174
0.1128 -0.0051657823639
0.11285 -0.00354199289973
0.1129 -0.00191593513436
0.11295 -0.00029020710589
0.113 0.00133663381237
0.11305 0.00296198947129
0.1131 0.00458730227552
0.11315 0.00620997529718
0.1132 0.00783145105194
0.11325 0.00944913472136
0.1133 0.0110644699313
0.11335 0.0126748646389
0.1134 0.0142817648015
0.11345 0.0158825811519
0.1135 0.017478763422
0.11355 0.0190677261195
0.1136 0.0206509228621
0.11365 0.0222257730424
0.1137 0.0237937352742
0.11375 0.0253522343901
0.1138 0.0269027343331
0.11385 0.0284426670412
0.1139 0.0299735024527
0.11395 0.0314926794998
0.114 0.0330016754484
0.11405 0.0344979375575
0.1141 0.0359829506424
0.11415 0.0374541705109
0.1142 0.0389130908601
0.11425 0.0403571772677
0.1143 0.0417879326456
0.11435 0.0432028327859
0.1144 0.0446033907033
0.11445 0.045987092959
0.1145 0.0473554638923
0.11455 0.0487060014995
0.1146 0.0500402415552
0.11465 0.0513556946014
0.1147 0.052653908292
0.11475 0.0539324066027
0.1148 0.0551927502881
0.11485 0.0564324763136
0.1149 0.0576531592006
0.11495 0.0588523506803
0.115 0.0600316390411
0.11505 0.0611885911132
0.1151 0.0623248098399
0.11515 0.0634378775947
0.1152 0.0645294127528
0.11525 0.0655970138972
0.1153 0.0666423150574
0.11535 0.0676629315804
0.1154 0.0686605140382
0.11545 0.0696326949866
0.1155 0.0705811418727
0.11555 0.0715035049603
0.1156 0.0724014691829
0.11565 0.0732727030118
0.1157 0.0741189091996
0.11575 0.0749377749805
0.1158 0.0757310212591
0.11585 0.0764963546432
0.1159 0.0772355146893
0.11595 0.0779462273228
0.116 0.0786302513627
0.11605 0.0792853325243
0.1161 0.0799132492775
0.11615 0.080511767405
0.1162 0.0810826852774
0.11625 0.0816237891333
0.1163 0.0821368974662
0.11635 0.0826198174284
0.1164 0.0830743878446
0.11645 0.083498436892
0.1165 0.0838938241148
0.11655 0.0842583989856
0.1166 0.0845940418515
0.11665 0.0848986237323
0.1167 0.0851740460016
0.11675 0.0854182013529
0.1168 0.0856330123477
0.11685 0.0858163934833
0.1169 0.0859702886741
0.11695 0.0860926343026
0.117 0.0861853956896
0.11705 0.0862465312419
0.1171 0.0862780277215
0.11715 0.0862778656009
0.1172 0.0862480531664
0.11725 0.0861865929288
0.1173 0.0860955146016
0.11735 0.0859728428166
0.1174 0.0858206287706
0.11745 0.0856369190776
0.1175 0.0854237863063
0.11755 0.0851792991086
0.1176 0.0849055511475
0.11765 0.084600633113
0.1177 0.0842666598178
0.11775 0.0839017434902
0.1178 0.0835080201482
0.11785 0.0830836233921
0.1179 0.0826307102785
0.11795 0.0821474354466
0.118 0.0816359766587
0.11805 0.0810945099256
0.1181 0.080525233216
0.11815 0.0799263433018
0.1182 0.0793000582466
0.11825 0.0786445953618
0.1183 0.0779621927504
0.11835 0.0772510878188
0.1184 0.0765135377659
0.11845 0.0757478005374
0.1185 0.0749561523169
0.11855 0.0741368701461
0.1186 0.0732922491934
0.11865 0.0724205854853
0.1187 0.0715241929531
0.11875 0.0706013860529
0.1188 0.0696544962577
0.11885 0.0686818565643
0.1189 0.0676858159872
0.11895 0.0666647249539
0.119 0.0656209495764
0.11905 0.0645528576014
0.1191 0.0634628315724
0.11915 0.0623492557785
0.1192 0.0612145285284
0.11925 0.0600570505426
0.1193 0.0588792356728
0.11935 0.0576794997386
0.1194 0.0564602713577
0.11945 0.0552199816709
0.1195 0.0539610731736
0.11955 0.0526819915506
0.1196 0.051385192731
0.11965 0.0500691359444
0.1197 0.0487362902205
0.11975 0.0473851278896
0.1198 0.0460181299719
0.11985 0.044633781454
0.1199 0.0432345749028
0.11995 0.041819006629
0.12 0.0403895804127
0.12005 0.038944803223
0.1201 0.0374871891648
0.12015 0.0360152557546
0.1202 0.0345315260901
0.12025 0.0330345272355
0.1203 0.0315267909484
0.12035 0.0300068531749
0.1204 0.0284772538883
0.12045 0.026936536584
0.1205 0.0253872481187
0.12055 0.0238279400927
0.1206 0.0222611652468
0.12065 0.0206854815094
0.1207 0.0191034471726
0.12075 0.017513626049
0.1208 0.0159185814267
0.12085 0.0143168815591
0.1209 0.0127110938422
0.12095 0.0110997905262
0.121 0.00948554233782
0.12105 0.00786692463591
0.1211 0.00624651047853
0.12115 0.0046228780002
0.1212 0.00299860159124
0.12125 0.00137226060741
0.1213 -0.000253569450758
0.12135 -0.00188030811727
0.1214 -0.00350538066876
0.12145 -0.00513020630615
0.1215 -0.00675221130528
0.12155 -0.00837281564425
0.1216 -0.00998944737524
0.12165 -0.0116035282527
0.1217 -0.0132124886603
0.12175 -0.014817752795
0.1218 -0.0164167548153
0.12185 -0.0180109219156
0.1219 -0.0195976925843
0.12195 -0.0211784981238
0.122 -0.0227507816853
0.12205 -0.0243159797893
0.1221 -0.0258715413603
0.12215 -0.0274189085807
0.1222 -0.0289555368144
0.12225 -0.0304828747943
0.1223 -0.0319983854336
0.12235 -0.0335035246817
0.1224 -0.0349957633346
0.12245 -0.0364765655572
0.1225 -0.0379434111382
0.12255 -0.0393977727915
0.1226 -0.0408371398536
0.12265 -0.0422629948084
0.1227 -0.0436728375395
0.12275 -0.0450681601898
0.1228 -0.0464464741893
0.12285 -0.0478092826721
0.1229 -0.0491541086145
0.12295 -0.0504824669189
0.123 -0.0517918929963
0.12305 -0.0530839141836
0.1231 -0.0543560791033
0.12315 -0.055609927638
0.1232 -0.0568430226212
0.12325 -0.058056917591
0.1233 -0.059249189925
0.12335 -0.0604214070391
0.1234 -0.0615711614099
0.12345 -0.0627000356636
0.1235 -0.0638056375977
0.12355 -0.0648895653814
0.1236 -0.0659494430219
0.12365 -0.0669868848975
0.1237 -0.0679995315021
0.12375 -0.0689890136455
0.1238 -0.0699529894742
0.12385 -0.0708931066733
0.1239 -0.0718070410419
0.12395 -0.0726964579734
0.124 -0.0735590515299
0.12405 -0.0743965049794
0.1241 -0.0752065312579
0.12415 -0.0759908318411
0.1242 -0.076747138983
0.12425 -0.0774771729219
0.1243 -0.0781786853964
0.12435 -0.0788534159906
0.1244 -0.079499136288
0.12445 -0.080117605413
0.1245 -0.0807066151552
0.12455 -0.0812679446227
0.1246 -0.0817994061724
0.12465 -0.0823027989519
0.1247 -0.082775956315
0.12475 -0.0832206978377
0.1248 -0.0836348779403
0.12485 -0.0840203368766
0.1249 -0.084374950418
0.12495 -0.0847005797391
0.125 -0.0849951220948
0.12505 -0.0852604597486
0.1251 -0.0854945116581
0.12515 -0.0856991812865
0.1252 -0.0858724094262
0.12525 -0.0860161209094
0.1253 -0.086128278431
0.12535 -0.0862108282022
0.1254 -0.0862617550391
0.12545 -0.0862830265662
0.1255 -0.0862726495684
0.12555 -0.0862326132362
0.1256 -0.0861609465035
0.12565 -0.0860596600161
0.1257 -0.0859268046623
0.12575 -0.0857644125708
0.1258 -0.0855705566404
0.12585 -0.0853472905101
0.1259 -0.0850927088115
0.12595 -0.0848088865555
0.126 -0.0844939401894
0.12605 -0.0841499658186
0.1261 -0.0837751015953
0.12615 -0.083371464608
0.1262 -0.0829372146584
0.12625 -0.0824744893741
0.1263 -0.0819814698731
0.12635 -0.0814603146555
0.1264 -0.0809092256002
0.12645 -0.08033038158
0.1265 -0.0797220053462
0.12655 -0.079086295922
0.1266 -0.078421496487
0.12665 -0.0777298257152
0.1267 -0.0770095468814
0.12675 -0.0762628983106
0.1268 -0.0754881630395
0.12685 -0.0746875984891
0.1269 -0.073859507014
0.12695 -0.0730061645759
0.127 -0.0721258930694
0.12705 -0.0712209863308
0.1271 -0.0702897847955
0.12715 -0.0693346005075
0.1272 -0.0683537916657
0.12725 -0.0673496876337
0.1273 -0.0663206643741
0.12735 -0.0652690683479
0.1274 -0.064193292504
0.12745 -0.0630956994017
0.1275 -0.0619746988656
0.12755 -0.060832669442
0.1276 -0.0596680364986
0.12765 -0.058483194014
0.1277 -0.0572765831209
0.12775 -0.0560506120091
0.1278 -0.0548037370212
0.12785 -0.0535383803357
0.1279 -0.0522530122843
0.12795 -0.0509500689231
0.128 -0.0496280337955
0.12805 -0.0482893558364
0.1281 -0.0469325318008
0.12815 -0.0455600222809
0.1282 -0.0441703365773
0.12825 -0.0427659467174
0.1283 -0.0413453734372
0.12835 -0.0399110995334
0.1284 -0.0384616567331
0.12845 -0.036999537825
0.1285 -0.0355232844173
0.12855 -0.0340353988466
0.1286 -0.032534432047
0.12865 -0.0310228950149
0.1287 -0.0294993472329
0.12875 -0.0279663071362
0.1288 -0.0264223425341
0.12885 -0.0248699787449
0.1289 -0.0233077909056
0.12895 -0.0217383101077
0.129 -0.0201601180385
0.12905 -0.0185757513405
0.1291 -0.0169837970301
0.12915 -0.015386796635
0.1292 -0.0137833418343
0.12925 -0.0121759777086
0.1293 -0.0105633000448
0.12935 -0.008947857143
0.1294 -0.00732824789892
0.12945 -0.00570702249995
0.1295 -0.00408278217331
0.12955 -0.00245807910479
0.1296 -0.000831515298751
0.12965 0.000794356281844
0.1297 0.00242093263342
0.12975 0.0040456615702
0.1298 0.00566993986654
0.12985 0.00729121655792
0.1299 0.00891088930688
0.12995 0.0105264091473
0.13 0.012139175407
0.13005 0.0137466420066
0.1301 0.0153502106053
0.13015 0.0169473387874
0.1302 0.0185394318759
0.13025 0.0201239513409
0.1303 0.0217023069463
0.13035 0.0232719653803
0.1304 0.0248343414027
0.13045 0.026386907697
0.1305 0.0279310845742
0.13055 0.0294643514899
0.1306 0.0309881354167
0.13065 0.0324999234708
0.1307 0.0340011500631
0.13075 0.0354893103035
0.1308 0.0369658468187
0.13085 0.0384282637112
0.1309 0.0398780124896
0.13095 0.0413126071375
0.131 0.0427335089333
0.13105 0.0441382420749
0.1311 0.0455282781656
0.13115 0.0469011528386
0.1312 0.0482583487997
0.13125 0.0495974133392
0.1313 0.0509198411534
0.13135 0.0522231920783
0.1314 0.0535089731335
0.13145 0.0547747578108
0.1315 0.0560220655645
0.13155 0.0572484842082
0.1316 0.0584555470739
0.13165 0.0596408561861
0.1317 0.060805959532
0.13175 0.061948474124
0.1318 0.0630699630483
0.13185 0.0641680588605
0.1319 0.065244340079
0.13195 0.0662964560792
0.132 0.0673260009781
0.13205 0.0683306411379
0.1321 0.0693119874952
0.13215 0.0702677235651
0.1322 0.0711994774375
0.13225 0.0721049505575
0.1323 0.0729857885565
0.13235 0.0738397112538
0.1324 0.0746683824885
0.13245 0.0754695405653
0.1325 0.0762448680306
0.13255 0.0769921224513
0.1326 0.0777130050256
0.13265 0.0784052930826
0.1327 0.0790707071106
0.13275 0.0797070443949
0.1328 0.0803160449639
0.13285 0.0808955265032
0.1329 0.0814472489142
0.13295 0.081969050505
0.133 0.0824627114108
0.13305 0.0829260908537
0.1331 0.0833609894663
0.13315 0.083765287565
0.1332 0.0841408065436
0.13325 0.0844854480904
0.1333 0.084801054501
0.13335 0.0850855490383
0.1334 0.0853407950922
0.13345 0.0855647376376
0.1335 0.08575926132
0.13355 0.0859223329248
0.1336 0.0860558585077
0.13365 0.0861578267845
0.1337 0.0862301651895
0.13375 0.0862708845323
0.1338 0.0862819336882
0.13385 0.0862613455047
0.1339 0.0862110903819
0.13395 0.0861292232605
0.134 0.0860177359957
0.13405 0.0858747055663
0.1341 0.0857021452549
0.13415 0.0854981540782
0.1342 0.0852647666905
0.13425 0.0850001039801
0.1343 0.0847062218621
0.13435 0.0843812628742
0.1344 0.0840273043588
0.13445 0.0836425103919
0.1345 0.0832289791327
0.13455 0.0827848961401
0.1346 0.0823123804455
0.13465 0.0818096389242
0.1347 0.0812788110911
0.13475 0.0807181247493
0.1348 0.0801297396753
0.13485 0.0795119044335
0.1349 0.078866799062
0.13495 0.0781926922757
0.135 0.0774917839858
0.13505 0.0767623630021
0.1351 0.076006648443
0.13515 0.0752229492133
0.1352 0.074413502972
0.13525 0.0735766381639
0.1353 0.0727146114329
0.13535 0.0718257697647
0.1354 0.0709123881217
0.13545 0.0699728318083
0.1355 0.0690093938838
0.13555 0.0680204576381
0.1356 0.067008333228
0.13565 0.0659714215959
0.1357 0.0649120496631
0.13575 0.0638286354695
0.1358 0.0627235220345
0.13585 0.0615951441626
0.1359 0.0604458605273
0.13595 0.0592741219203
0.136 0.058082301781
0.13605 0.0568688666665
0.1361 0.0556362046712
0.13615 0.0543827965628
0.1362 0.0531110448689
0.13625 0.051819444457
0.1363 0.0505104110663
0.13635 0.0491824531091
0.1364 0.0478379988701
0.13645 0.0464755697513
0.1365 0.0450976058058
0.13655 0.0437026408701
0.1366 0.0422931263215
0.13665 0.0408676070989
0.1367 0.0394285454597
0.13675 0.037974497223
0.1368 0.0365079343053
0.13685 0.0350274224067
0.1369 0.0335354427694
0.13695 0.0320305706414
0.137 0.0305152953699
0.13705 0.0289882006403
0.1371 0.0274517836825
0.13715 0.0259046357315
0.1372 0.0243492611225
0.13725 0.0227842580851
0.1373 0.0212121366164
0.13735 0.0196315013855
0.1374 0.0180448680517
0.13745 0.0164508463908
0.1375 0.0148519563923
0.13755 0.0132468127171
0.1376 0.011637938907
0.13765 0.0100239536199
0.1377 0.00840738295134
0.13775 0.00678684877861
0.1378 0.00516487930669
0.13785 0.00354009841137
0.1379 0.00191503574089
0.13795 0.000288316503321
0.138 -0.00133752943107
0.13805 -0.00296387641012
0.1381 -0.00458819445253
0.13815 -0.00621185835022
0.1382 -0.00783233956521
0.13825 -0.00945101399963
0.1383 -0.0110653550029
0.13835 -0.0126767402534
0.1384 -0.0142826460983
0.13845 -0.0158844532137
0.1385 -0.0174796413882
0.13855 -0.0190695945175
0.1386 -0.0206517972755
0.13865 -0.0222276377767
0.1387 -0.0237946061348
0.13875 -0.0253540954607
0.1388 -0.0269036019741
0.13885 -0.0284445248921
0.1389 -0.029974366652
0.13895 -0.031494533798
0.139 -0.0330025364281
0.13905 -0.034499788303
0.1391 -0.0359838081804
0.13915 -0.0374560179257
0.1392 -0.0389139452894
0.13925 -0.0403590212408
0.1393 -0.0417887838553
0.13935 -0.0432046733173
0.1394 -0.0446042384713
0.13945 -0.0459889303818
0.1395 -0.0473563085517
0.13955 -0.0487078354806
0.1396 -0.0500410829949
0.13965 -0.0513575251407
0.1397 -0.052654746623
0.13975 -0.0539342339224
0.1398 -0.0551935851775
0.13985 -0.0564343003027
0.1399 -0.0576539912034
0.13995 -0.0588541714497
0.14 -0.0600324677132
0.14005 -0.0611904084409
0.1401 -0.0623256355144
0.14015 -0.0634396917027
0.1402 -0.0645302352077
0.14025 -0.0655988245636
0.1403 -0.0666431342371
0.14035 -0.0676647390271
0.1404 -0.0686613301648
0.14045 -0.0696344991581
0.1405 -0.0705819547796
0.14055 -0.0715053058012
0.1406 -0.0724022789257
0.14065 -0.073274500522
0.1407 -0.0741197157227
0.14075 -0.0749395692155
0.1408 -0.0757318247291
0.14085 -0.0764981456031
0.1409 -0.0772363149396
0.14095 -0.077948014952
0.141 -0.0786310484211
0.14105 -0.0792871168783
0.1411 -0.0799140431718
0.14115 -0.0805135484561
0.1412 -0.0810834759521
0.14125 -0.0816255668537
0.1413 -0.0821376850322
0.14135 -0.0826215918598
0.1414 -0.0830751722326
0.14145 -0.0835002080483
0.1415 -0.0838946053525
0.14155 -0.0842601668528
0.1416 -0.0845948199528
0.14165 -0.0849003883182
0.1417 -0.0851748209631
0.14175 -0.0854199626697
0.1418 -0.0856337841832
0.14185 -0.0858181515389
0.1419 -0.0859710573802
0.14195 -0.0860943891107
0.142 -0.0861861613009
0.14205 -0.0862482827888
0.1421 -0.086278790252
0.14215 -0.0862796139558
0.1422 -0.086248812616
0.14225 -0.0861883380085
0.1423 -0.0860962709425
0.14235 -0.0859745847045
0.1424 -0.0858213820029
0.14245 -0.0856386578014
0.1425 -0.085424536541
0.14255 -0.0851810345572
0.1426 -0.0849062984401
0.14265 -0.084602365453
0.1427 -0.0842674039462
0.14275 -0.083903472666
0.1428 -0.0835087612791
0.14285 -0.0830853494038
0.1429 -0.0826314483563
0.14295 -0.0821491582942
0.143 -0.0816367117943
0.14305 -0.0810962297756
0.1431 -0.0805259652985
0.14315 -0.079928059821
0.1432 -0.0793007873316
0.14325 -0.0786463089945
0.1433 -0.0779629188377
0.14335 -0.0772527981208
0.1434 -0.0765142609666
0.14345 -0.0757495078417
0.1435 -0.07495687252
0.14355 -0.0741385743418
0.1436 -0.0732929663989
0.14365 -0.0724222867944
0.1437 -0.071524907272
0.14375 -0.0706030841424
0.1438 -0.06965520769
0.14385 -0.0686835515451
0.1439 -0.067686524422
0.14395 -0.0666664168262
0.144 -0.0656216552355
0.14405 -0.064554546476
0.1441 -0.0634635340119
0.14415 -0.0623509415445
0.1442 -0.0612152281924
0.14425 -0.0600587334221
0.1443 -0.0588799324502
0.14435 -0.0576811795094
0.1444 -0.0564609651375
0.14445 -0.055221658333
0.1445 -0.0539617641778
0.14455 -0.0526836652151
0.1446 -0.0513858806266
0.14465 -0.0500708065003
0.1447 -0.0487369753405
0.14475 -0.0473867954479
0.1448 -0.0460188124273
0.14485 -0.0446354461258
0.1449 -0.0432352542496
0.14495 -0.0418206683031
0.145 -0.040390256984
0.14505 -0.0389464620105
0.1451 -0.0374878629605
0.14515 -0.0360169114335
0.1452 -0.0345321968881
0.14525 -0.0330361798057
0.1453 -0.0315274588599
0.14535 -0.0300085029696
0.1454 -0.0284779190242
0.14545 -0.0269381833811
0.1455 -0.0253879107012
0.14555 -0.0238295840032
0.1456 -0.0222618248316
0.14565 -0.0206871223113
0.1457 -0.0191041038709
0.14575 -0.0175152641864
0.1458 -0.0159192354604
0.14585 -0.0143185165878
0.1459 -0.0127117449893
0.14595 -0.0111014226684
0.146 -0.00948619059834
0.14605 -0.00786855389145
0.1461 -0.00624715607451
0.14615 -0.00462450436917
0.1462 -0.00299924441166
0.14625 -0.00137388408979
0.1463 0.000252929294882
0.14635 0.0018786876325
0.1464 0.00350474351049
0.14645 0.00512858881899
0.1465 0.00675157670053
0.14655 0.00837120093265
0.1466 0.00998881554605
0.14665 0.0116019163167
0.1467 0.0132118594957
0.14675 0.0148161437456
0.1468 0.0164161285372
0.14685 0.0180093158637
0.1469 0.0195970689708
0.14695 0.0211768948475
0.147 0.0227501606253
0.14705 0.0243143793997
0.1471 0.0258709230758
0.14715 0.0274173108556
0.1472 0.0289549213056
0.14725 0.0304812800668
0.1473 0.0319977727003
0.14735 0.0335019327298
0.1474 0.0349951532658
0.14745 0.0364749764918
0.1475 0.037942803734
0.14755 0.0393961865016
0.1476 0.0408365351139
0.14765 0.0422614112941
0.1477 0.0436722354644
0.14775 0.0450665795621
0.1478 0.0464458747787
0.14785 0.04780770482
0.1479 0.0491535117574
0.14795 0.0504808917313
0.148 0.0517912989148
0.14805 0.0530823417715
0.1481 0.0543554874643
0.14815 0.0556083580016
0.1482 0.0568424337577
0.14825 0.0580553508412
0.1483 0.059248603615
0.14835 0.0604198430648
0.1484 0.0615705777645
0.14845 0.0626984743538
0.1485 0.0638050566168
0.14855 0.0648880067362
0.1486 0.0659488647055
0.14865 0.0669853290278
0.1487 0.0679989556837
0.14875 0.0689874605514
0.1488 0.0699524162649
0.14885 0.0708915562993
0.1489 0.0718064704417
0.14895 0.0726949103194
0.149 0.0735584835386
0.14905 0.0743949600454
0.1491 0.0752059657647
0.14915 0.0759892896272
0.1492 0.0767465760988
0.14925 0.0774756333726
0.1493 0.0781781250102
0.14935 0.0788518791613
0.1494 0.0794985785109
0.14945 0.0801160712482
0.1495 0.0807060599038
0.14955 0.0812664131503
0.1496 0.0817988534467
0.14965 0.0823012701717
0.1497 0.0827754061568
0.14975 0.0832191717082
0.1498 0.0836343302939
0.14985 0.0840188133908
0.1499 0.0843744053043
0.14995 0.0846990589074
0.15 0.0849945794895
0.15005 0.0849945794895