0 0
5e-05 3.51503e-05
0.0001 8.80872e-05
0.00015 0.000132148
0.0002 0.000180438
0.00025 0.000226478
0.0003 0.000273435
0.00035 0.000319724
0.0004 0.000366101
0.00045 0.00041217
0.0005 0.0004581
0.00055 0.000503785
0.0006 0.000549253
0.00065 0.000594465
0.0007 0.000639417
0.00075 0.000684087
0.0008 0.000728463
0.00085 0.000772526
0.0009 0.000816263
0.00095 0.000859657
0.001 0.000902693
0.00105 0.000945357
0.0011 0.000987632
0.00115 0.0010295
0.0012 0.00107096
0.00125 0.00111198
0.0013 0.00115255
0.00135 0.00119267
0.0014 0.0012323
0.00145 0.00127145
0.0015 0.00131009
0.00155 0.00134822
0.0016 0.00138582
0.00165 0.00142287
0.0017 0.00145936
0.00175 0.00149529
0.0018 0.00153063
0.00185 0.00156537
0.0019 0.00159951
0.00195 0.00163303
0.002 0.00166592
0.00205 0.00169816
0.0021 0.00172975
0.00215 0.00176068
0.0022 0.00179093
0.00225 0.00182049
0.0023 0.00184935
0.00235 0.00187751
0.0024 0.00190494
0.00245 0.00193165
0.0025 0.00195763
0.00255 0.00198285
0.0026 0.00200732
0.00265 0.00203103
0.0027 0.00205397
0.00275 0.00207612
0.0028 0.00209749
0.00285 0.00211806
0.0029 0.00213783
0.00295 0.00215679
0.003 0.00217494
0.00305 0.00219226
0.0031 0.00220875
0.00315 0.0022244
0.0032 0.00223922
0.00325 0.00225319
0.0033 0.00226631
0.00335 0.00227858
0.0034 0.00228999
0.00345 0.00230053
0.0035 0.00231021
0.00355 0.00231901
0.0036 0.00232695
0.00365 0.002334
0.0037 0.00234018
0.00375 0.00234548
0.0038 0.00234989
0.00385 0.00235342
0.0039 0.00235607
0.00395 0.00235783
0.004 0.0023587
0.00405 0.00235869
0.0041 0.00235779
0.00415 0.002356
0.0042 0.00235333
0.00425 0.00234977
0.0043 0.00234533
0.00435 0.00234
0.0044 0.0023338
0.00445 0.00232672
0.0045 0.00231876
0.00455 0.00230994
0.0046 0.00230024
0.00465 0.00228967
0.0047 0.00227825
0.00475 0.00226597
0.0048 0.00225283
0.00485 0.00223885
0.0049 0.00222402
0.00495 0.00220836
0.005 0.00219186
0.00505 0.00217453
0.0051 0.00215639
0.00515 0.00213743
0.0052 0.00211766
0.00525 0.0020971
0.0053 0.00207574
0.00535 0.0020536
0.0054 0.00203068
0.00545 0.00200699
0.0055 0.00198254
0.00555 0.00195734
0.0056 0.00193139
0.00565 0.00190471
0.0057 0.00187731
0.00575 0.0018492
0.0058 0.00182038
0.00585 0.00179086
0.0059 0.00176067
0.00595 0.0017298
0.006 0.00169827
0.00605 0.00166609
0.0061 0.00163327
0.00615 0.00159982
0.0062 0.00156576
0.00625 0.0015311
0.0063 0.00149585
0.00635 0.00146001
0.0064 0.00142362
0.00645 0.00138667
0.0065 0.00134918
0.00655 0.00131116
0.0066 0.00127264
0.00665 0.00123361
0.0067 0.00119411
0.00675 0.00115413
0.0068 0.00111369
0.00685 0.00107282
0.0069 0.00103151
0.00695 0.000989797
0.007 0.000947684
0.00705 0.000905189
0.0071 0.000862326
0.00715 0.000819111
0.0072 0.00077556
0.00725 0.000731687
0.0073 0.00068751
0.00735 0.000643042
0.0074 0.000598301
0.00745 0.000553302
0.0075 0.000508061
0.00755 0.000462594
0.0076 0.000416918
0.00765 0.000371049
0.0077 0.000325003
0.00775 0.000278796
0.0078 0.000232446
0.00785 0.000185968
0.0079 0.000139379
0.00795 9.26958e-05
0.008 4.5935e-05
0.00805 -8.86872e-07
0.0081 -4.7753e-05
0.00815 -9.46468e-05
0.0082 -0.000141551
0.00825 -0.00018845
0.0083 -0.000235326
0.00835 -0.000282163
0.0084 -0.000328945
0.00845 -0.000375653
0.0085 -0.000422272
0.00855 -0.000468786
0.0086 -0.000515177
0.00865 -0.000561428
0.0087 -0.000607525
0.00875 -0.00065345
0.0088 -0.000699186
0.00885 -0.000744718
0.0089 -0.000790029
0.00895 -0.000835103
0.009 -0.000879924
0.00905 -0.000924476
0.0091 -0.000968743
0.00915 -0.00101271
0.0092 -0.00105636
0.00925 -0.00109968
0.0093 -0.00114265
0.00935 -0.00118526
0.0094 -0.00122749
0.00945 -0.00126933
0.0095 -0.00131076
0.00955 -0.00135177
0.0096 -0.00139234
0.00965 -0.00143245
0.0097 -0.00147211
0.00975 -0.00151128
0.0098 -0.00154996
0.00985 -0.00158813
0.0099 -0.00162578
0.00995 -0.00166289
0.01 -0.00169946
0.01005 -0.00173547
0.0101 -0.0017709
0.01015 -0.00180574
0.0102 -0.00183999
0.01025 -0.00187362
0.0103 -0.00190664
0.01035 -0.00193901
0.0104 -0.00197074
0.01045 -0.00200181
0.0105 -0.00203222
0.01055 -0.00206194
0.0106 -0.00209097
0.01065 -0.0021193
0.0107 -0.00214693
0.01075 -0.00217383
0.0108 -0.0022
0.01085 -0.00222543
0.0109 -0.00225011
0.01095 -0.00227403
0.011 -0.00229719
0.01105 -0.00231957
0.0111 -0.00234117
0.01115 -0.00236198
0.0112 -0.00238199
0.01125 -0.0024012
0.0113 -0.0024196
0.01135 -0.00243718
0.0114 -0.00245393
0.01145 -0.00246985
0.0115 -0.00248494
0.01155 -0.00249919
0.0116 -0.00251258
0.01165 -0.00252513
0.0117 -0.00253682
0.01175 -0.00254765
0.0118 -0.00255762
0.01185 -0.00256672
0.0119 -0.00257495
0.01195 -0.0025823
0.012 -0.00258878
0.01205 -0.00259437
0.0121 -0.00259909
0.01215 -0.00260293
0.0122 -0.00260588
0.01225 -0.00260794
0.0123 -0.00260912
0.01235 -0.00260941
0.0124 -0.00260882
0.01245 -0.00260734
0.0125 -0.00260497
0.01255 -0.00260172
0.0126 -0.00259758
0.01265 -0.00259256
0.0127 -0.00258666
0.01275 -0.00257988
0.0128 -0.00257223
0.01285 -0.0025637
0.0129 -0.0025543
0.01295 -0.00254403
0.013 -0.0025329
0.01305 -0.00252091
0.0131 -0.00250806
0.01315 -0.00249436
0.0132 -0.00247982
0.01325 -0.00246443
0.0133 -0.00244821
0.01335 -0.00243116
0.0134 -0.00241328
0.01345 -0.00239459
0.0135 -0.00237508
0.01355 -0.00235477
0.0136 -0.00233366
0.01365 -0.00231176
0.0137 -0.00228908
0.01375 -0.00226563
0.0138 -0.00224141
0.01385 -0.00221643
0.0139 -0.00219071
0.01395 -0.00216424
0.014 -0.00213705
0.01405 -0.00210913
0.0141 -0.00208051
0.01415 -0.00205118
0.0142 -0.00202117
0.01425 -0.00199047
0.0143 -0.00195911
0.01435 -0.00192709
0.0144 -0.00189442
0.01445 -0.00186112
0.0145 -0.0018272
0.01455 -0.00179266
0.0146 -0.00175753
0.01465 -0.00172181
0.0147 -0.00168552
0.01475 -0.00164867
0.0148 -0.00161127
0.01485 -0.00157333
0.0149 -0.00153488
0.01495 -0.00149592
0.015 -0.00145646
0.01505 -0.00141653
0.0151 -0.00137613
0.01515 -0.00133528
0.0152 -0.00129399
0.01525 -0.00125228
0.0153 -0.00121016
0.01535 -0.00116765
0.0154 -0.00112477
0.01545 -0.00108152
0.0155 -0.00103793
0.01555 -0.000994002
0.0156 -0.000949762
0.01565 -0.000905221
0.0157 -0.000860397
0.01575 -0.000815304
0.0158 -0.000769959
0.01585 -0.000724378
0.0159 -0.000678577
0.01595 -0.000632572
0.016 -0.00058638
0.01605 -0.000540016
0.0161 -0.000493498
0.01615 -0.000446842
0.0162 -0.000400064
0.01625 -0.000353181
0.0163 -0.000306209
0.01635 -0.000259166
0.0164 -0.000212068
0.01645 -0.000164931
0.0165 -0.000117772
0.01655 -7.06086e-05
0.0166 -2.34567e-05
0.01665 2.36668e-05
0.0167 7.07452e-05
0.01675 0.000117762
0.0168 0.0001647
0.01685 0.000211543
0.0169 0.000258274
0.01695 0.000304878
0.017 0.000351336
0.01705 0.000397633
0.0171 0.000443753
0.01715 0.000489678
0.0172 0.000535393
0.01725 0.000580882
0.0173 0.000626128
0.01735 0.000671116
0.0174 0.000715829
0.01745 0.000760252
0.0175 0.000804368
0.01755 0.000848163
0.0176 0.00089162
0.01765 0.000934725
0.0177 0.000977462
0.01775 0.00101982
0.0178 0.00106177
0.01785 0.00110331
0.0179 0.00114443
0.01795 0.0011851
0.018 0.00122532
0.01805 0.00126506
0.0181 0.00130432
0.01815 0.00134308
0.0182 0.00138133
0.01825 0.00141905
0.0183 0.00145623
0.01835 0.00149286
0.0184 0.00152893
0.01845 0.00156441
0.0185 0.00159931
0.01855 0.0016336
0.0186 0.00166728
0.01865 0.00170032
0.0187 0.00173273
0.01875 0.00176449
0.0188 0.00179559
0.01885 0.00182601
0.0189 0.00185575
0.01895 0.0018848
0.019 0.00191314
0.01905 0.00194076
0.0191 0.00196767
0.01915 0.00199383
0.0192 0.00201926
0.01925 0.00204393
0.0193 0.00206784
0.01935 0.00209099
0.0194 0.00211335
0.01945 0.00213493
0.0195 0.00215572
0.01955 0.00217571
0.0196 0.00219489
0.01965 0.00221325
0.0197 0.0022308
0.01975 0.00224752
0.0198 0.0022634
0.01985 0.00227845
0.0199 0.00229265
0.01995 0.00230601
0.02 0.00231851
0.02005 0.00233015
0.0201 0.00234094
0.02015 0.00235085
0.0202 0.0023599
0.02025 0.00236807
0.0203 0.00237537
0.02035 0.0023818
0.0204 0.00238734
0.02045 0.002392
0.0205 0.00239577
0.02055 0.00239867
0.0206 0.00240067
0.02065 0.00240179
0.0207 0.00240202
0.02075 0.00240137
0.0208 0.00239983
0.02085 0.0023974
0.0209 0.00239409
0.02095 0.00238989
0.021 0.00238481
0.02105 0.00237886
0.0211 0.00237202
0.02115 0.0023643
0.0212 0.00235572
0.02125 0.00234626
0.0213 0.00233594
0.02135 0.00232475
0.0214 0.00231271
0.02145 0.00229981
0.0215 0.00228606
0.02155 0.00227146
0.0216 0.00225603
0.02165 0.00223976
0.0217 0.00222266
0.02175 0.00220474
0.0218 0.002186
0.02185 0.00216646
0.0219 0.00214611
0.02195 0.00212497
0.022 0.00210304
0.02205 0.00208033
0.0221 0.00205685
0.02215 0.0020326
0.0222 0.0020076
0.02225 0.00198186
0.0223 0.00195538
0.02235 0.00192817
0.0224 0.00190024
0.02245 0.00187161
0.0225 0.00184228
0.02255 0.00181226
0.0226 0.00178157
0.02265 0.00175021
0.0227 0.0017182
0.02275 0.00168554
0.0228 0.00165226
0.02285 0.00161835
0.0229 0.00158384
0.02295 0.00154874
0.023 0.00151305
0.02305 0.00147679
0.0231 0.00143998
0.02315 0.00140262
0.0232 0.00136474
0.02325 0.00132633
0.0233 0.00128743
0.02335 0.00124803
0.0234 0.00120816
0.02345 0.00116783
0.0235 0.00112706
0.02355 0.00108585
0.0236 0.00104422
0.02365 0.00100219
0.0237 0.000959777
0.02375 0.00091699
0.0238 0.000873845
0.02385 0.000830358
0.0239 0.000786545
0.02395 0.000742422
0.024 0.000698004
0.02405 0.000653306
0.0241 0.000608346
0.02415 0.000563138
0.0242 0.0005177
0.02425 0.000472047
0.0243 0.000426195
0.02435 0.00038016
0.0244 0.00033396
0.02445 0.000287611
0.0245 0.000241128
0.02455 0.000194529
0.0246 0.000147831
0.02465 0.000101049
0.0247 5.42007e-05
0.02475 7.30268e-06
0.0248 -3.96285e-05
0.02485 -8.65761e-05
0.0249 -0.000133523
0.02495 -0.000180454
0.025 -0.00022735
0.02505 -0.000274196
0.0251 -0.000320975
0.02515 -0.000367671
0.0252 -0.000414265
0.02525 -0.000460743
0.0253 -0.000507088
0.02535 -0.000553282
0.0254 -0.00059931
0.02545 -0.000645155
0.0255 -0.000690801
0.02555 -0.000736231
0.0256 -0.00078143
0.02565 -0.000826381
0.0257 -0.000871069
0.02575 -0.000915477
0.0258 -0.000959589
0.02585 -0.00100339
0.0259 -0.00104686
0.02595 -0.00109
0.026 -0.00113277
0.02605 -0.00117517
0.0261 -0.00121719
0.02615 -0.0012588
0.0262 -0.00129999
0.02625 -0.00134075
0.0263 -0.00138107
0.02635 -0.00142092
0.0264 -0.0014603
0.02645 -0.00149919
0.0265 -0.00153757
0.02655 -0.00157544
0.0266 -0.00161278
0.02665 -0.00164957
0.0267 -0.00168581
0.02675 -0.00172148
0.0268 -0.00175656
0.02685 -0.00179105
0.0269 -0.00182493
0.02695 -0.0018582
0.027 -0.00189083
0.02705 -0.00192282
0.0271 -0.00195415
0.02715 -0.00198482
0.0272 -0.00201481
0.02725 -0.00204412
0.0273 -0.00207273
0.02735 -0.00210063
0.0274 -0.00212782
0.02745 -0.00215427
0.0275 -0.00217999
0.02755 -0.00220497
0.0276 -0.00222918
0.02765 -0.00225264
0.0277 -0.00227532
0.02775 -0.00229723
0.0278 -0.00231834
0.02785 -0.00233867
0.0279 -0.00235818
0.02795 -0.00237689
0.028 -0.00239479
0.02805 -0.00241186
0.0281 -0.0024281
0.02815 -0.00244351
0.0282 -0.00245808
0.02825 -0.0024718
0.0283 -0.00248467
0.02835 -0.00249669
0.0284 -0.00250785
0.02845 -0.00251814
0.0285 -0.00252757
0.02855 -0.00253613
0.0286 -0.00254382
0.02865 -0.00255063
0.0287 -0.00255656
0.02875 -0.00256161
0.0288 -0.00256578
0.02885 -0.00256907
0.0289 -0.00257147
0.02895 -0.00257298
0.029 -0.00257361
0.02905 -0.00257336
0.0291 -0.00257221
0.02915 -0.00257018
0.0292 -0.00256726
0.02925 -0.00256346
0.0293 -0.00255878
0.02935 -0.00255321
0.0294 -0.00254677
0.02945 -0.00253944
0.0295 -0.00253125
0.02955 -0.00252218
0.0296 -0.00251224
0.02965 -0.00250143
0.0297 -0.00248977
0.02975 -0.00247725
0.0298 -0.00246387
0.02985 -0.00244965
0.0299 -0.00243458
0.02995 -0.00241868
0.03 -0.00240194
0.03005 -0.00238438
0.0301 -0.00236599
0.03015 -0.0023468
0.0302 -0.00232679
0.03025 -0.00230599
0.0303 -0.00228439
0.03035 -0.00226201
0.0304 -0.00223886
0.03045 -0.00221493
0.0305 -0.00219024
0.03055 -0.00216481
0.0306 -0.00213863
0.03065 -0.00211171
0.0307 -0.00208408
0.03075 -0.00205573
0.0308 -0.00202667
0.03085 -0.00199693
0.0309 -0.00196649
0.03095 -0.00193539
0.031 -0.00190363
0.03105 -0.00187121
0.0311 -0.00183816
0.03115 -0.00180448
0.0312 -0.00177019
0.03125 -0.0017353
0.0313 -0.00169981
0.03135 -0.00166375
0.0314 -0.00162712
0.03145 -0.00158994
0.0315 -0.00155222
0.03155 -0.00151397
0.0316 -0.00147522
0.03165 -0.00143596
0.0317 -0.00139622
0.03175 -0.00135602
0.0318 -0.00131535
0.03185 -0.00127425
0.0319 -0.00123271
0.03195 -0.00119077
0.032 -0.00114843
0.03205 -0.0011057
0.0321 -0.00106261
0.03215 -0.00101917
0.0322 -0.000975393
0.03225 -0.000931293
0.0323 -0.000886889
0.03235 -0.000842195
0.0324 -0.000797228
0.03245 -0.000752003
0.0325 -0.000706536
0.03255 -0.000660844
0.0326 -0.000614943
0.03265 -0.000568848
0.0327 -0.000522578
0.03275 -0.000476147
0.0328 -0.000429572
0.03285 -0.00038287
0.0329 -0.000336057
0.03295 -0.000289151
0.033 -0.000242167
0.03305 -0.000195122
0.0331 -0.000148033
0.03315 -0.000100917
0.0332 -5.37903e-05
0.03325 -6.66963e-06
0.0333 4.04283e-05
0.03335 8.74867e-05
0.0334 0.000134489
0.03345 0.000181418
0.0335 0.000228258
0.03355 0.000274992
0.0336 0.000321603
0.03365 0.000368075
0.0337 0.000414391
0.03375 0.000460535
0.0338 0.00050649
0.03385 0.000552241
0.0339 0.000597771
0.03395 0.000643063
0.034 0.000688102
0.03405 0.000732872
0.0341 0.000777357
0.03415 0.000821541
0.0342 0.000865409
0.03425 0.000908944
0.0343 0.000952132
0.03435 0.000994957
0.0344 0.0010374
0.03445 0.00107946
0.0345 0.0011211
0.03455 0.00116233
0.0346 0.00120311
0.03465 0.00124345
0.0347 0.00128331
0.03475 0.0013227
0.0348 0.00136159
0.03485 0.00139998
0.0349 0.00143784
0.03495 0.00147517
0.035 0.00151195
0.03505 0.00154817
0.0351 0.00158381
0.03515 0.00161887
0.0352 0.00165333
0.03525 0.00168718
0.0353 0.0017204
0.03535 0.00175299
0.0354 0.00178493
0.03545 0.00181621
0.0355 0.00184683
0.03555 0.00187676
0.0356 0.001906
0.03565 0.00193454
0.0357 0.00196238
0.03575 0.00198949
0.0358 0.00201586
0.03585 0.0020415
0.0359 0.00206639
0.03595 0.00209053
0.036 0.00211389
0.03605 0.00213648
0.0361 0.00215829
0.03615 0.00217931
0.0362 0.00219953
0.03625 0.00221895
0.0363 0.00223755
0.03635 0.00225533
0.0364 0.00227229
0.03645 0.00228842
0.0365 0.00230372
0.03655 0.00231817
0.0366 0.00233177
0.03665 0.00234452
0.0367 0.00235642
0.03675 0.00236745
0.0368 0.00237763
0.03685 0.00238693
0.0369 0.00239536
0.03695 0.00240292
0.037 0.0024096
0.03705 0.0024154
0.0371 0.00242032
0.03715 0.00242436
0.0372 0.00242751
0.03725 0.00242978
0.0373 0.00243116
0.03735 0.00243165
0.0374 0.00243126
0.03745 0.00242998
0.0375 0.00242782
0.03755 0.00242477
0.0376 0.00242083
0.03765 0.00241601
0.0377 0.00241031
0.03775 0.00240374
0.0378 0.00239628
0.03785 0.00238795
0.0379 0.00237875
0.03795 0.00236868
0.038 0.00235775
0.03805 0.00234596
0.0381 0.00233331
0.03815 0.00231981
0.0382 0.00230546
0.03825 0.00229028
0.0383 0.00227425
0.03835 0.0022574
0.0384 0.00223972
0.03845 0.00222122
0.0385 0.00220191
0.03855 0.0021818
0.0386 0.00216088
0.03865 0.00213918
0.0387 0.0021167
0.03875 0.00209344
0.0388 0.00206942
0.03885 0.00204464
0.0389 0.00201911
0.03895 0.00199284
0.039 0.00196584
0.03905 0.00193812
0.0391 0.00190969
0.03915 0.00188055
0.0392 0.00185073
0.03925 0.00182023
0.0393 0.00178906
0.03935 0.00175723
0.0394 0.00172476
0.03945 0.00169165
0.0395 0.00165792
0.03955 0.00162358
0.0396 0.00158864
0.03965 0.00155311
0.0397 0.00151701
0.03975 0.00148035
0.0398 0.00144314
0.03985 0.0014054
0.0399 0.00136713
0.03995 0.00132836
0.04 0.0012891
0.04005 0.00124935
0.0401 0.00120914
0.04015 0.00116848
0.0402 0.00112738
0.04025 0.00108586
0.0403 0.00104394
0.04035 0.00100162
0.0404 0.000958919
0.04045 0.00091586
0.0405 0.000872454
0.04055 0.000828717
0.0406 0.000784664
0.04065 0.000740311
0.0407 0.000695674
0.04075 0.000650768
0.0408 0.00060561
0.04085 0.000560216
0.0409 0.000514601
0.04095 0.000468783
0.041 0.000422776
0.04105 0.000376599
0.0411 0.000330266
0.04115 0.000283795
0.0412 0.000237203
0.04125 0.000190505
0.0413 0.000143718
0.04135 9.68593e-05
0.0414 4.99453e-05
0.04145 2.99264e-06
0.0415 -4.3982e-05
0.04155 -9.09618e-05
0.0416 -0.00013793
0.04165 -0.00018487
0.0417 -0.000231766
0.04175 -0.000278599
0.0418 -0.000325355
0.04185 -0.000372015
0.0419 -0.000418565
0.04195 -0.000464986
0.042 -0.000511262
0.04205 -0.000557378
0.0421 -0.000603316
0.04215 -0.00064906
0.0422 -0.000694594
0.04225 -0.000739902
0.0423 -0.000784968
0.04235 -0.000829775
0.0424 -0.000874307
0.04245 -0.00091855
0.0425 -0.000962487
0.04255 -0.0010061
0.0426 -0.00104938
0.04265 -0.00109231
0.0427 -0.00113486
0.04275 -0.00117704
0.0428 -0.00121881
0.04285 -0.00126018
0.0429 -0.00130112
0.04295 -0.00134161
0.043 -0.00138165
0.04305 -0.00142122
0.0431 -0.0014603
0.04315 -0.00149888
0.0432 -0.00153695
0.04325 -0.0015745
0.0433 -0.0016115
0.04335 -0.00164796
0.0434 -0.00168385
0.04345 -0.00171915
0.0435 -0.00175387
0.04355 -0.00178799
0.0436 -0.00182149
0.04365 -0.00185436
0.0437 -0.0018866
0.04375 -0.00191818
0.0438 -0.0019491
0.04385 -0.00197935
0.0439 -0.00200892
0.04395 -0.00203779
0.044 -0.00206595
0.04405 -0.00209341
0.0441 -0.00212014
0.04415 -0.00214613
0.0442 -0.00217138
0.04425 -0.00219588
0.0443 -0.00221962
0.04435 -0.0022426
0.0444 -0.00226479
0.04445 -0.0022862
0.0445 -0.00230681
0.04455 -0.00232663
0.0446 -0.00234564
0.04465 -0.00236383
0.0447 -0.00238121
0.04475 -0.00239775
0.0448 -0.00241347
0.04485 -0.00242834
0.0449 -0.00244238
0.04495 -0.00245556
0.045 -0.00246789
0.04505 -0.00247937
0.0451 -0.00248998
0.04515 -0.00249973
0.0452 -0.00250861
0.04525 -0.00251661
0.0453 -0.00252374
0.04535 -0.00253
0.0454 -0.00253537
0.04545 -0.00253986
0.0455 -0.00254347
0.04555 -0.00254619
0.0456 -0.00254803
0.04565 -0.00254898
0.0457 -0.00254905
0.04575 -0.00254823
0.0458 -0.00254652
0.04585 -0.00254393
0.0459 -0.00254045
0.04595 -0.00253609
0.046 -0.00253084
0.04605 -0.00252472
0.0461 -0.00251771
0.04615 -0.00250983
0.0462 -0.00250108
0.04625 -0.00249146
0.0463 -0.00248097
0.04635 -0.00246962
0.0464 -0.00245741
0.04645 -0.00244435
0.0465 -0.00243043
0.04655 -0.00241567
0.0466 -0.00240008
0.04665 -0.00238364
0.0467 -0.00236638
0.04675 -0.0023483
0.0468 -0.0023294
0.04685 -0.00230969
0.0469 -0.00228918
0.04695 -0.00226787
0.047 -0.00224578
0.04705 -0.00222291
0.0471 -0.00219927
0.04715 -0.00217486
0.0472 -0.0021497
0.04725 -0.00212379
0.0473 -0.00209715
0.04735 -0.00206978
0.0474 -0.00204169
0.04745 -0.0020129
0.0475 -0.00198341
0.04755 -0.00195323
0.0476 -0.00192238
0.04765 -0.00189086
0.0477 -0.00185869
0.04775 -0.00182587
0.0478 -0.00179243
0.04785 -0.00175837
0.0479 -0.0017237
0.04795 -0.00168843
0.048 -0.00165259
0.04805 -0.00161617
0.0481 -0.0015792
0.04815 -0.00154168
0.0482 -0.00150364
0.04825 -0.00146508
0.0483 -0.00142602
0.04835 -0.00138646
0.0484 -0.00134644
0.04845 -0.00130595
0.0485 -0.00126501
0.04855 -0.00122365
0.0486 -0.00118187
0.04865 -0.00113968
0.0487 -0.00109711
0.04875 -0.00105417
0.0488 -0.00101087
0.04885 -0.000967224
0.0489 -0.000923255
0.04895 -0.000878977
0.049 -0.000834403
0.04905 -0.000789551
0.0491 -0.000744436
0.04915 -0.000699074
0.0492 -0.000653481
0.04925 -0.000607673
0.0493 -0.000561667
0.04935 -0.000515479
0.0494 -0.000469125
0.04945 -0.000422622
0.0495 -0.000375986
0.04955 -0.000329234
0.0496 -0.000282383
0.04965 -0.000235448
0.0497 -0.000188447
0.04975 -0.000141397
0.0498 -9.43132e-05
0.04985 -4.72135e-05
0.0499 -1.14195e-07
0.04995 4.69679e-05
0.05 -0.00284382
0.05005 0.00134314
0.0501 -0.00177536
0.05015 -4.66316e-06
0.0502 -0.0013411
0.05025 -0.000536801
0.0503 -0.00104099
0.05035 -0.00060086
0.0504 -0.000708682
0.05045 -0.000402527
0.0505 -0.000331568
0.05055 -8.89403e-05
0.0506 4.10229e-05
0.05065 0.000228285
0.0507 0.000348214
0.05075 0.000471448
0.0508 0.000544868
0.05085 0.000598896
0.0509 0.000613504
0.05095 0.000603696
0.051 0.000565148
0.05105 0.000507177
0.0511 0.000432683
0.05115 0.000348521
0.0512 0.000260256
0.05125 0.000172876
0.0513 9.20113e-05
0.05135 2.05673e-05
0.0514 -3.71762e-05
0.05145 -8.06006e-05
0.0515 -0.000107331
0.05155 -0.000118923
0.0516 -0.000114821
0.05165 -9.82865e-05
0.0517 -7.00707e-05
0.05175 -3.44387e-05
0.0518 7.27267e-06
0.05185 5.05649e-05
0.0519 9.42367e-05
0.05195 0.000134226
0.052 0.000170029
0.05205 0.000198471
0.0521 0.00022006
0.05215 0.000232683
0.0522 0.000237901
0.05225 0.000234582
0.0523 0.00022515
0.05235 0.000209179
0.0524 0.000189618
0.05245 0.000166374
0.0525 0.000142533
0.05255 0.000117958
0.0526 9.55302e-05
0.05265 7.47726e-05
0.0527 5.81237e-05
0.05275 4.4595e-05
0.0528 3.60829e-05
0.05285 3.10586e-05
0.0529 3.09094e-05
0.05295 3.36554e-05
0.053 4.03104e-05
0.05305 4.86119e-05
0.0531 5.9389e-05
0.05315 7.02938e-05
0.0532 8.21637e-05
0.05325 9.27434e-05
0.0533 0.000103034
0.05335 0.000110999
0.0534 0.000117894
0.05345 0.000121958
0.0535 0.000124721
0.05355 0.000124682
0.0536 0.000123608
0.05365 0.000120193
0.0537 0.000116353
0.05375 0.000110883
0.0538 0.000105747
0.05385 9.97442e-05
0.0539 9.47965e-05
0.05395 8.96222e-05
0.054 8.60362e-05
0.05405 8.26282e-05
0.0541 8.10744e-05
0.05415 7.98235e-05
0.0542 8.0417e-05
0.05425 8.11827e-05
0.0543 8.35595e-05
0.05435 8.57956e-05
0.0544 8.92757e-05
0.05445 9.22197e-05
0.0545 9.60084e-05
0.05455 9.88809e-05
0.0546 0.000102257
0.05465 0.000104429
0.0547 0.000106881
0.05475 0.000107978
0.0548 0.000109277
0.05485 0.000109212
0.0549 0.000109402
0.05495 0.000108337
0.055 0.000107679
0.05505 0.000105948
0.0551 0.000104824
0.05515 0.000102829
0.0552 0.000101635
0.05525 9.97484e-05
0.0553 9.88146e-05
0.05535 9.73073e-05
0.0554 9.68368e-05
0.05545 9.584e-05
0.0555 9.5892e-05
0.05555 9.53969e-05
0.0556 9.59016e-05
0.05565 9.5788e-05
0.0557 9.65868e-05
0.05575 9.66708e-05
0.0558 9.75676e-05
0.05585 9.76534e-05
0.0559 9.84644e-05
0.05595 9.83896e-05
0.056 9.89812e-05
0.05605 9.86461e-05
0.0561 9.89552e-05
0.05615 9.83336e-05
0.0562 9.83688e-05
0.05625 9.75009e-05
0.0563 9.73287e-05
0.05635 9.6301e-05
0.0564 9.60217e-05
0.05645 9.49412e-05
0.0565 9.4662e-05
0.05655 9.36302e-05
0.0566 9.34418e-05
0.05665 9.25347e-05
0.0567 9.24957e-05
0.05675 9.1753e-05
0.0568 9.18835e-05
0.05685 9.13068e-05
0.0569 9.15919e-05
0.05695 9.11518e-05
0.057 9.15507e-05
0.05705 9.11987e-05
0.0571 9.16585e-05
0.05715 9.13406e-05
0.0572 9.18094e-05
0.05725 9.14785e-05
0.0573 9.1916e-05
0.05735 9.15402e-05
0.0574 9.19237e-05
0.05745 9.14898e-05
0.0575 9.18155e-05
0.05755 9.13279e-05
0.0576 9.16075e-05
0.05765 9.10839e-05
0.0577 9.13389e-05
0.05775 9.08031e-05
0.0578 9.10581e-05
0.05785 9.05335e-05
0.0579 9.08095e-05
0.05795 9.0314e-05
0.058 9.06247e-05
0.05805 9.0167e-05
0.0581 9.05163e-05
0.05815 9.00958e-05
0.0582 9.04786e-05
0.05825 9.00865e-05
0.0583 9.04913e-05
0.05835 9.01138e-05
0.0584 9.05255e-05
0.05845 9.01474e-05
0.0585 9.05513e-05
0.05855 9.01592e-05
0.0586 9.05437e-05
0.05865 9.01282e-05
0.0587 9.04866e-05
0.05875 9.00436e-05
0.0588 9.03743e-05
0.05885 8.99047e-05
0.0589 9.02109e-05
0.05895 8.97195e-05
0.059 9.00071e-05
0.05905 8.95008e-05
0.0591 8.97772e-05
0.05915 8.92634e-05
0.0592 8.95355e-05
0.05925 8.90202e-05
0.0593 8.9293e-05
0.05935 8.87803e-05
0.0594 8.90567e-05
0.05945 8.85479e-05
0.0595 8.88283e-05
0.05955 8.83231e-05
0.0596 8.8606e-05
0.05965 8.81021e-05
0.0597 8.83851e-05
0.05975 8.78801e-05
0.0598 8.81606e-05
0.05985 8.76521e-05
0.0599 8.79283e-05
0.05995 8.74148e-05
0.06 8.76858e-05
0.06005 8.71672e-05
0.0601 8.74333e-05
0.06015 8.69105e-05
0.0602 8.71732e-05
0.06025 8.66482e-05
0.0603 8.69097e-05
0.06035 8.63847e-05
0.0604 8.66475e-05
0.06045 8.61249e-05
0.0605 8.6391e-05
0.06055 8.58727e-05
0.0606 8.61438e-05
0.06065 8.5631e-05
0.0607 8.5908e-05
0.06075 8.54012e-05
0.0608 8.56841e-05
0.06085 8.51832e-05
0.0609 8.54715e-05
0.06095 8.49756e-05
0.061 8.52685e-05
0.06105 8.47767e-05
0.0611 8.5073e-05
0.06115 8.45842e-05
0.0612 8.4883e-05
0.06125 8.43963e-05
0.0613 8.46969e-05
0.06135 8.42117e-05
0.0614 8.45136e-05
0.06145 8.40296e-05
0.0615 8.43325e-05
0.06155 8.38497e-05
0.0616 8.41537e-05
0.06165 8.3672e-05
0.0617 8.39773e-05
0.06175 8.34969e-05
0.0618 8.38034e-05
0.06185 8.33243e-05
0.0619 8.36321e-05
0.06195 8.31543e-05
0.062 8.34632e-05
0.06205 8.29864e-05
0.0621 8.3296e-05
0.06215 8.28199e-05
0.0622 8.31299e-05
0.06225 8.26539e-05
0.0623 8.29639e-05
0.06235 8.24876e-05
0.0624 8.27971e-05
0.06245 8.23201e-05
0.0625 8.26286e-05
0.06255 8.21506e-05
0.0626 8.24579e-05
0.06265 8.19787e-05
0.0627 8.22847e-05
0.06275 8.18041e-05
0.0628 8.21087e-05
0.06285 8.16269e-05
0.0629 8.19302e-05
0.06295 8.14471e-05
0.063 8.17493e-05
0.06305 8.12653e-05
0.0631 8.15665e-05
0.06315 8.10816e-05
0.0632 8.1382e-05
0.06325 8.08964e-05
0.0633 8.11962e-05
0.06335 8.07101e-05
0.0634 8.10093e-05
0.06345 8.05228e-05
0.0635 8.08216e-05
0.06355 8.03347e-05
0.0636 8.06332e-05
0.06365 8.0146e-05
0.0637 8.04442e-05
0.06375 7.99569e-05
0.0638 8.02549e-05
0.06385 7.97674e-05
0.0639 8.00654e-05
0.06395 7.95779e-05
0.064 7.98759e-05
0.06405 7.93885e-05
0.0641 7.96866e-05
0.06415 7.91995e-05
0.0642 7.94979e-05
0.06425 7.90112e-05
0.0643 7.931e-05
0.06435 7.88237e-05
0.0644 7.9123e-05
0.06445 7.86373e-05
0.0645 7.89372e-05
0.06455 7.84522e-05
0.0646 7.87527e-05
0.06465 7.82684e-05
0.0647 7.85695e-05
0.06475 7.8086e-05
0.0648 7.83878e-05
0.06485 7.7905e-05
0.0649 7.82075e-05
0.06495 7.77254e-05
0.065 7.80286e-05
0.06505 7.75471e-05
0.0651 7.78509e-05
0.06515 7.73701e-05
0.0652 7.76745e-05
0.06525 7.71943e-05
0.0653 7.74992e-05
0.06535 7.70195e-05
0.0654 7.73249e-05
0.06545 7.68457e-05
0.0655 7.71515e-05
0.06555 7.66728e-05
0.0656 7.6979e-05
0.06565 7.65007e-05
0.0657 7.68072e-05
0.06575 7.63293e-05
0.0658 7.66362e-05
0.06585 7.61585e-05
0.0659 7.64657e-05
0.06595 7.59883e-05
0.066 7.62956e-05
0.06605 7.58185e-05
0.0661 7.6126e-05
0.06615 7.5649e-05
0.0662 7.59567e-05
0.06625 7.54798e-05
0.0663 7.57876e-05
0.06635 7.53108e-05
0.0664 7.56186e-05
0.06645 7.5142e-05
0.0665 7.54498e-05
0.06655 7.49732e-05
0.0666 7.5281e-05
0.06665 7.48044e-05
0.0667 7.51122e-05
0.06675 7.46357e-05
0.0668 7.49435e-05
0.06685 7.4467e-05
0.0669 7.47747e-05
0.06695 7.42983e-05
0.067 7.46061e-05
0.06705 7.41296e-05
0.0671 7.44374e-05
0.06715 7.39611e-05
0.0672 7.42689e-05
0.06725 7.37926e-05
0.0673 7.41004e-05
0.06735 7.36242e-05
0.0674 7.39321e-05
0.06745 7.3456e-05
0.0675 7.37639e-05
0.06755 7.32879e-05
0.0676 7.3596e-05
0.06765 7.31201e-05
0.0677 7.34283e-05
0.06775 7.29526e-05
0.0678 7.32609e-05
0.06785 7.27853e-05
0.0679 7.30937e-05
0.06795 7.26184e-05
0.068 7.2927e-05
0.06805 7.24519e-05
0.0681 7.27606e-05
0.06815 7.22857e-05
0.0682 7.25947e-05
0.06825 7.212e-05
0.0683 7.24292e-05
0.06835 7.19547e-05
0.0684 7.22641e-05
0.06845 7.179e-05
0.0685 7.20995e-05
0.06855 7.16257e-05
0.0686 7.19355e-05
0.06865 7.14618e-05
0.0687 7.17719e-05
0.06875 7.12985e-05
0.0688 7.16088e-05
0.06885 7.11357e-05
0.0689 7.14463e-05
0.06895 7.09734e-05
0.069 7.12842e-05
0.06905 7.08116e-05
0.0691 7.11226e-05
0.06915 7.06503e-05
0.0692 7.09615e-05
0.06925 7.04895e-05
0.0693 7.08009e-05
0.06935 7.03291e-05
0.0694 7.06407e-05
0.06945 7.01692e-05
0.0695 7.0481e-05
0.06955 7.00097e-05
0.0696 7.03217e-05
0.06965 6.98506e-05
0.0697 7.01628e-05
0.06975 6.96919e-05
0.0698 7.00042e-05
0.06985 6.95336e-05
0.0699 6.98461e-05
0.06995 6.93757e-05
0.07 6.96884e-05
0.07005 6.92181e-05
0.0701 6.95309e-05
0.07015 6.90609e-05
0.0702 6.93739e-05
0.07025 6.8904e-05
0.0703 6.92171e-05
0.07035 6.87474e-05
0.0704 6.90607e-05
0.07045 6.85912e-05
0.0705 6.89046e-05
0.07055 6.84353e-05
0.0706 6.87488e-05
0.07065 6.82796e-05
0.0707 6.85933e-05
0.07075 6.81243e-05
0.0708 6.84381e-05
0.07085 6.79693e-05
0.0709 6.82832e-05
0.07095 6.78146e-05
0.071 6.81286e-05
0.07105 6.76602e-05
0.0711 6.79743e-05
0.07115 6.7506e-05
0.0712 6.78204e-05
0.07125 6.73522e-05
0.0713 6.76667e-05
0.07135 6.71988e-05
0.0714 6.75134e-05
0.07145 6.70456e-05
0.0715 6.73603e-05
0.07155 6.68927e-05
0.0716 6.72076e-05
0.07165 6.67402e-05
0.0717 6.70552e-05
0.07175 6.6588e-05
0.0718 6.69032e-05
0.07185 6.64362e-05
0.0719 6.67515e-05
0.07195 6.62847e-05
0.072 6.66002e-05
0.07205 6.61335e-05
0.0721 6.64491e-05
0.07215 6.59827e-05
0.0722 6.62985e-05
0.07225 6.58322e-05
0.0723 6.61482e-05
0.07235 6.56821e-05
0.0724 6.59982e-05
0.07245 6.55324e-05
0.0725 6.58486e-05
0.07255 6.5383e-05
0.0726 6.56994e-05
0.07265 6.52339e-05
0.0727 6.55505e-05
0.07275 6.50853e-05
0.0728 6.5402e-05
0.07285 6.4937e-05
0.0729 6.52539e-05
0.07295 6.4789e-05
0.073 6.51061e-05
0.07305 6.46414e-05
0.0731 6.49586e-05
0.07315 6.44941e-05
0.0732 6.48115e-05
0.07325 6.43472e-05
0.0733 6.46648e-05
0.07335 6.42007e-05
0.0734 6.45184e-05
0.07345 6.40545e-05
0.0735 6.43723e-05
0.07355 6.39086e-05
0.0736 6.42266e-05
0.07365 6.37631e-05
0.0737 6.40813e-05
0.07375 6.36179e-05
0.0738 6.39362e-05
0.07385 6.34731e-05
0.0739 6.37915e-05
0.07395 6.33286e-05
0.074 6.36471e-05
0.07405 6.31844e-05
0.0741 6.35031e-05
0.07415 6.30405e-05
0.0742 6.33594e-05
0.07425 6.2897e-05
0.0743 6.3216e-05
0.07435 6.27538e-05
0.0744 6.30729e-05
0.07445 6.26109e-05
0.0745 6.29302e-05
0.07455 6.24683e-05
0.0746 6.27878e-05
0.07465 6.23261e-05
0.0747 6.26456e-05
0.07475 6.21841e-05
0.0748 6.25039e-05
0.07485 6.20425e-05
0.0749 6.23624e-05
0.07495 6.19012e-05
0.075 6.22212e-05
0.07505 6.17603e-05
0.0751 6.20804e-05
0.07515 6.16196e-05
0.0752 6.19399e-05
0.07525 6.14792e-05
0.0753 6.17996e-05
0.07535 6.13392e-05
0.0754 6.16598e-05
0.07545 6.11995e-05
0.0755 6.15202e-05
0.07555 6.10601e-05
0.0756 6.13809e-05
0.07565 6.0921e-05
0.0757 6.1242e-05
0.07575 6.07822e-05
0.0758 6.11033e-05
0.07585 6.06438e-05
0.0759 6.0965e-05
0.07595 6.05057e-05
0.076 6.0827e-05
0.07605 6.03678e-05
0.0761 6.06894e-05
0.07615 6.02303e-05
0.0762 6.0552e-05
0.07625 6.00932e-05
0.0763 6.04149e-05
0.07635 5.99563e-05
0.0764 6.02782e-05
0.07645 5.98197e-05
0.0765 6.01418e-05
0.07655 5.96835e-05
0.0766 6.00057e-05
0.07665 5.95476e-05
0.0767 5.98699e-05
0.07675 5.94119e-05
0.0768 5.97344e-05
0.07685 5.92766e-05
0.0769 5.95993e-05
0.07695 5.91417e-05
0.077 5.94644e-05
0.07705 5.9007e-05
0.0771 5.93299e-05
0.07715 5.88726e-05
0.0772 5.91956e-05
0.07725 5.87385e-05
0.0773 5.90617e-05
0.07735 5.86048e-05
0.0774 5.89281e-05
0.07745 5.84713e-05
0.0775 5.87948e-05
0.07755 5.83382e-05
0.0776 5.86618e-05
0.07765 5.82054e-05
0.0777 5.85291e-05
0.07775 5.80728e-05
0.0778 5.83966e-05
0.07785 5.79406e-05
0.0779 5.82645e-05
0.07795 5.78087e-05
0.078 5.81328e-05
0.07805 5.7677e-05
0.0781 5.80013e-05
0.07815 5.75457e-05
0.0782 5.78701e-05
0.07825 5.74147e-05
0.0783 5.77392e-05
0.07835 5.7284e-05
0.0784 5.76085e-05
0.07845 5.71535e-05
0.0785 5.74782e-05
0.07855 5.70234e-05
0.0786 5.73482e-05
0.07865 5.68935e-05
0.0787 5.72185e-05
0.07875 5.6764e-05
0.0788 5.70891e-05
0.07885 5.66347e-05
0.0789 5.696e-05
0.07895 5.65058e-05
0.079 5.68311e-05
0.07905 5.63771e-05
0.0791 5.67026e-05
0.07915 5.62487e-05
0.0792 5.65743e-05
0.07925 5.61206e-05
0.0793 5.64464e-05
0.07935 5.59928e-05
0.0794 5.63187e-05
0.07945 5.58653e-05
0.0795 5.61913e-05
0.07955 5.57381e-05
0.0796 5.60642e-05
0.07965 5.56111e-05
0.0797 5.59374e-05
0.07975 5.54845e-05
0.0798 5.58109e-05
0.07985 5.53581e-05
0.0799 5.56846e-05
0.07995 5.52321e-05
0.08 5.55587e-05
0.08005 -0.00367569
0.0801 -0.00161611
0.08015 -0.00260245
0.0802 -0.00208716
0.08025 -0.00231064
0.0803 -0.00216862
0.08035 -0.00220593
0.0804 -0.00215324
0.08045 -0.00214425
0.0805 -0.00211207
0.08055 -0.00209072
0.0806 -0.00206239
0.08065 -0.00203693
0.0807 -0.00200844
0.08075 -0.00198091
0.0808 -0.00195131
0.08085 -0.00192222
0.0809 -0.00189133
0.08095 -0.00186085
0.081 -0.00182864
0.08105 -0.00179684
0.0811 -0.00176335
0.08115 -0.00173028
0.0812 -0.00169555
0.08125 -0.00166126
0.0813 -0.00162533
0.08135 -0.00158988
0.0814 -0.00155281
0.08145 -0.00151624
0.0815 -0.00147808
0.08155 -0.00144044
0.0816 -0.00140125
0.08165 -0.0013626
0.0817 -0.00132242
0.08175 -0.00128282
0.0818 -0.00124172
0.08185 -0.00120122
0.0819 -0.00115925
0.08195 -0.00111791
0.082 -0.00107513
0.08205 -0.00103301
0.0821 -0.00098948
0.08215 -0.000946643
0.0822 -0.000902425
0.08225 -0.00085893
0.0823 -0.000814086
0.08235 -0.000769997
0.0824 -0.00072459
0.08245 -0.000679969
0.0825 -0.000634062
0.08255 -0.000588975
0.0826 -0.000542633
0.08265 -0.000497143
0.0827 -0.000450431
0.08275 -0.000404604
0.0828 -0.000357589
0.08285 -0.00031149
0.0829 -0.000264237
0.08295 -0.000217933
0.083 -0.000170508
0.08305 -0.000124067
0.0831 -7.65368e-05
0.08315 -3.00234e-05
0.0832 1.75446e-05
0.08325 6.40626e-05
0.0833 0.000111602
0.08335 0.000158058
0.0834 0.000205502
0.08345 0.000251829
0.0835 0.000299111
0.08355 0.000345243
0.0836 0.000392295
0.08365 0.000438166
0.0837 0.000484923
0.08375 0.000530466
0.0838 0.000576863
0.08385 0.000622013
0.0839 0.000667984
0.08395 0.000712676
0.084 0.000758157
0.08405 0.000802327
0.0841 0.000847254
0.08415 0.000890838
0.0842 0.000935147
0.08425 0.000978083
0.0843 0.00102171
0.08435 0.00106394
0.0844 0.00110683
0.08445 0.00114828
0.0845 0.00119037
0.08455 0.00123099
0.0846 0.00127222
0.08465 0.00131196
0.0847 0.00135227
0.08475 0.00139106
0.0848 0.00143039
0.08485 0.00146818
0.0849 0.00150648
0.08495 0.00154321
0.085 0.00158044
0.08505 0.00161606
0.0851 0.00165214
0.08515 0.0016866
0.0852 0.00172151
0.08525 0.00175476
0.0853 0.00178842
0.08535 0.00182041
0.0854 0.0018528
0.08545 0.00188348
0.0855 0.00191454
0.08555 0.00194388
0.0856 0.00197356
0.08565 0.00200151
0.0857 0.00202978
0.08575 0.0020563
0.0858 0.00208312
0.08585 0.00210816
0.0859 0.0021335
0.08595 0.00215703
0.086 0.00218084
0.08605 0.00220284
0.0861 0.00222509
0.08615 0.00224551
0.0862 0.00226618
0.08625 0.002285
0.0863 0.00230405
0.08635 0.00232124
0.0864 0.00233864
0.08645 0.00235418
0.0865 0.00236991
0.08655 0.00238377
0.0866 0.00239782
0.08665 0.00240998
0.0867 0.00242232
0.08675 0.00243276
0.0868 0.00244338
0.08685 0.00245208
0.0869 0.00246096
0.08695 0.00246793
0.087 0.00247505
0.08705 0.00248026
0.0871 0.00248563
0.08715 0.00248907
0.0872 0.00249267
0.08725 0.00249434
0.0873 0.00249617
0.08735 0.00249607
0.0874 0.00249612
0.08745 0.00249425
0.0875 0.00249253
0.08755 0.00248889
0.0876 0.0024854
0.08765 0.00247999
0.0877 0.00247474
0.08775 0.00246757
0.0878 0.00246056
0.08785 0.00245164
0.0879 0.00244288
0.08795 0.00243222
0.088 0.00242174
0.08805 0.00240936
0.0881 0.00239715
0.08815 0.00238306
0.0882 0.00236916
0.08825 0.00235338
0.0883 0.0023378
0.08835 0.00232036
0.0884 0.00230313
0.08845 0.00228404
0.0885 0.00226518
0.08855 0.00224447
0.0886 0.00222401
0.08865 0.00220172
0.0887 0.00217968
0.08875 0.00215583
0.0888 0.00213226
0.08885 0.00210688
0.0889 0.0020818
0.08895 0.00205494
0.089 0.00202839
0.08905 0.00200008
0.0891 0.0019721
0.08915 0.00194238
0.0892 0.001913
0.08925 0.00188191
0.0893 0.00185119
0.08935 0.00181878
0.0894 0.00178675
0.08945 0.00175306
0.0895 0.00171977
0.08955 0.00168484
0.0896 0.00165035
0.08965 0.00161423
0.0897 0.00157858
0.08975 0.00154133
0.0898 0.00150457
0.08985 0.00146624
0.0899 0.00142843
0.08995 0.00138907
0.09 0.00135025
0.09005 0.00130992
0.0901 0.00127016
0.09015 0.00122891
0.0902 0.00118826
0.09025 0.00114615
0.0903 0.00110468
0.09035 0.00106177
0.0904 0.00101952
0.09045 0.000975877
0.0905 0.000932919
0.09055 0.000888598
0.0906 0.000844993
0.09065 0.000800055
0.0907 0.000755866
0.09075 0.000710376
0.0908 0.000665666
0.09085 0.000619688
0.0909 0.000574521
0.09095 0.000528119
0.091 0.000482561
0.09105 0.000435799
0.0911 0.000389916
0.09115 0.000342861
0.0912 0.000296717
0.09125 0.000249436
0.0913 0.000203098
0.09135 0.000155656
0.0914 0.000109191
0.09145 6.16552e-05
0.0915 1.51297e-05
0.09155 -3.24328e-05
0.0916 -7.89522e-05
0.09165 -0.000126475
0.0917 -0.000172921
0.09175 -0.000220337
0.0918 -0.000266643
0.09185 -0.000313886
0.0919 -0.000359986
0.09195 -0.000406989
0.092 -0.000452816
0.09205 -0.000499513
0.0921 -0.000545001
0.09215 -0.000591327
0.0922 -0.000636412
0.09225 -0.000682301
0.0923 -0.000726917
0.09235 -0.000772305
0.0924 -0.000816388
0.09245 -0.000861211
0.0925 -0.000904698
0.09255 -0.000948894
0.0926 -0.000991722
0.09265 -0.00103523
0.0927 -0.00107734
0.09275 -0.00112009
0.0928 -0.00116142
0.09285 -0.00120336
0.0929 -0.00124385
0.09295 -0.00128492
0.093 -0.00132451
0.09305 -0.00136466
0.0931 -0.00140329
0.09315 -0.00144245
0.0932 -0.00148007
0.09325 -0.0015182
0.0933 -0.00155475
0.09335 -0.00159178
0.0934 -0.00162722
0.09345 -0.00166311
0.0935 -0.00169738
0.09355 -0.00173207
0.0936 -0.00176512
0.09365 -0.00179857
0.0937 -0.00183036
0.09375 -0.00186252
0.0938 -0.00189299
0.09385 -0.00192381
0.0939 -0.00195293
0.09395 -0.00198238
0.094 -0.0020101
0.09405 -0.00203813
0.0941 -0.0020644
0.09415 -0.00209098
0.0942 -0.00211578
0.09425 -0.00214085
0.0943 -0.00216414
0.09435 -0.00218769
0.0944 -0.00220943
0.09445 -0.00223142
0.0945 -0.00225158
0.09455 -0.00227197
0.0946 -0.00229053
0.09465 -0.0023093
0.0947 -0.00232622
0.09475 -0.00234335
0.0948 -0.00235861
0.09485 -0.00237406
0.0949 -0.00238764
0.09495 -0.0024014
0.095 -0.00241329
0.09505 -0.00242533
0.0951 -0.00243549
0.09515 -0.00244582
0.0952 -0.00245424
0.09525 -0.00246282
0.0953 -0.0024695
0.09535 -0.00247633
0.0954 -0.00248125
0.09545 -0.00248632
0.0955 -0.00248947
0.09555 -0.00249277
0.0956 -0.00249416
0.09565 -0.00249569
0.0957 -0.0024953
0.09575 -0.00249505
0.0958 -0.00249289
0.09585 -0.00249087
0.0959 -0.00248694
0.09595 -0.00248315
0.096 -0.00247745
0.09605 -0.0024719
0.0961 -0.00246445
0.09615 -0.00245714
0.0962 -0.00244794
0.09625 -0.00243889
0.0963 -0.00242795
0.09635 -0.00241717
0.0964 -0.0024045
0.09645 -0.00239201
0.0965 -0.00237765
0.09655 -0.00236346
0.0966 -0.00234741
0.09665 -0.00233155
0.0967 -0.00231383
0.09675 -0.00229632
0.0968 -0.00227697
0.09685 -0.00225783
0.0969 -0.00223687
0.09695 -0.00221613
0.097 -0.00219359
0.09705 -0.00217129
0.0971 -0.00214719
0.09715 -0.00212336
0.0972 -0.00209774
0.09725 -0.00207241
0.0973 -0.00204531
0.09735 -0.00201851
0.0974 -0.00198997
0.09745 -0.00196175
0.0975 -0.0019318
0.09755 -0.0019022
0.0976 -0.00187089
0.09765 -0.00183994
0.0977 -0.00180732
0.09775 -0.00177507
0.0978 -0.00174117
0.09785 -0.00170768
0.0979 -0.00167256
0.09795 -0.00163786
0.098 -0.00160156
0.09805 -0.00156572
0.0981 -0.00152829
0.09815 -0.00149134
0.0982 -0.00145285
0.09825 -0.00141485
0.0983 -0.00137534
0.09835 -0.00133635
0.0984 -0.00129587
0.09845 -0.00125595
0.0985 -0.00121456
0.09855 -0.00117377
0.0986 -0.00113153
0.09865 -0.00108991
0.0987 -0.00104689
0.09875 -0.00100451
0.0988 -0.000960756
0.09885 -0.000917681
0.0989 -0.000873258
0.09895 -0.000829547
0.099 -0.000784519
0.09905 -0.000740234
0.0991 -0.000694665
0.09915 -0.000649869
0.0992 -0.000603822
0.09925 -0.000558581
0.0993 -0.000512121
0.09935 -0.000466499
0.0994 -0.000419691
0.09945 -0.000373754
0.0995 -0.000326663
0.09955 -0.000280478
0.0996 -0.000233171
0.09965 -0.000186802
0.0997 -0.000139347
0.09975 -9.28622e-05
0.0998 -4.5324e-05
0.09985 1.21037e-06
0.0999 4.87645e-05
0.09995 9.52813e-05
0.1 0.000142784
0.10005 0.000189217
0.1001 0.000236602
0.10015 0.000282883
0.1002 0.000330084
0.10025 0.000376148
0.1003 0.000423098
0.10035 0.000468878
0.1004 0.000515512
0.10045 0.000560943
0.1005 0.000607193
0.10055 0.000652209
0.1006 0.000698013
0.10065 0.00074255
0.1007 0.000787842
0.10075 0.000831835
0.1008 0.000876551
0.10085 0.000919938
0.1009 0.000964016
0.10095 0.00100673
0.101 0.00105011
0.10105 0.0010921
0.1011 0.00113472
0.10115 0.00117591
0.1012 0.00121771
0.10125 0.00125805
0.1013 0.00129897
0.10135 0.00133841
0.1014 0.00137839
0.10145 0.00141686
0.1015 0.00145585
0.10155 0.0014933
0.1016 0.00153124
0.10165 0.00156762
0.1017 0.00160446
0.10175 0.00163971
0.1018 0.00167539
0.10185 0.00170947
0.1019 0.00174395
0.10195 0.0017768
0.102 0.00181003
0.10205 0.0018416
0.1021 0.00187354
0.10215 0.00190379
0.1022 0.00193439
0.10225 0.00196328
0.1023 0.00199248
0.10235 0.00201997
0.1024 0.00204775
0.10245 0.00207379
0.1025 0.00210011
0.10255 0.00212467
0.1026 0.00214949
0.10265 0.00217252
0.1027 0.00219581
0.10275 0.00221729
0.1028 0.00223901
0.10285 0.00225891
0.1029 0.00227903
0.10295 0.00229732
0.103 0.00231581
0.10305 0.00233246
0.1031 0.0023493
0.10315 0.00236429
0.1032 0.00237946
0.10325 0.00239276
0.1033 0.00240623
0.10335 0.00241783
0.1034 0.00242959
0.10345 0.00243947
0.1035 0.00244949
0.10355 0.00245763
0.1036 0.00246592
0.10365 0.00247231
0.1037 0.00247884
0.10375 0.00248347
0.1038 0.00248824
0.10385 0.0024911
0.1039 0.0024941
0.10395 0.00249519
0.104 0.00249642
0.10405 0.00249574
0.1041 0.00249519
0.10415 0.00249274
0.1042 0.00249042
0.10425 0.0024862
0.1043 0.00248211
0.10435 0.00247612
0.1044 0.00247027
0.10445 0.00246253
0.1045 0.00245493
0.10455 0.00244544
0.1046 0.00243609
0.10465 0.00242487
0.1047 0.0024138
0.10475 0.00240085
0.1048 0.00238807
0.10485 0.00237343
0.1049 0.00235895
0.10495 0.00234263
0.105 0.00232648
0.10505 0.0023085
0.1051 0.00229071
0.10515 0.00227109
0.1052 0.00225168
0.10525 0.00223046
0.1053 0.00220945
0.10535 0.00218665
0.1054 0.00216409
0.10545 0.00213974
0.1055 0.00211564
0.10555 0.00208979
0.1056 0.0020642
0.10565 0.00203686
0.1057 0.00200982
0.10575 0.00198105
0.1058 0.00195258
0.10585 0.00192241
0.1059 0.00189257
0.10595 0.00186105
0.106 0.00182987
0.10605 0.00179704
0.1061 0.00176458
0.10615 0.00173048
0.1062 0.00169677
0.10625 0.00166146
0.1063 0.00162656
0.10635 0.00159007
0.1064 0.00155403
0.10645 0.00151643
0.1065 0.0014793
0.10655 0.00144063
0.1066 0.00140246
0.10665 0.00136279
0.1067 0.00132364
0.10675 0.00128301
0.1068 0.00124293
0.10685 0.0012014
0.1069 0.00116046
0.10695 0.00111809
0.107 0.00107634
0.10705 0.00103319
0.1071 0.000990687
0.10715 0.000946822
0.1072 0.00090363
0.10725 0.000859108
0.1073 0.00081529
0.10735 0.000770173
0.1074 0.000725792
0.10745 0.000680143
0.1075 0.000635263
0.10755 0.000589147
0.1076 0.000543832
0.10765 0.000497314
0.1077 0.000451629
0.10775 0.000404774
0.1078 0.000358785
0.10785 0.000311659
0.1079 0.000265431
0.10795 0.000218101
0.108 0.000171702
0.10805 0.000124233
0.1081 7.77287e-05
0.10815 3.01884e-05
0.1082 -1.6354e-05
0.10825 -6.38989e-05
0.1083 -0.000110413
0.10835 -0.000157896
0.1084 -0.000204314
0.10845 -0.000251668
0.1085 -0.000297924
0.10855 -0.000345082
0.1086 -0.00039111
0.10865 -0.000438007
0.1087 -0.00048374
0.10875 -0.000530309
0.1088 -0.000575681
0.10885 -0.000621857
0.1089 -0.000666804
0.10895 -0.000712521
0.109 -0.000756978
0.10905 -0.000802173
0.1091 -0.000846076
0.10915 -0.000890686
0.1092 -0.000933971
0.10925 -0.000977932
0.1093 -0.00102054
0.10935 -0.00106379
0.1094 -0.00110565
0.10945 -0.00114813
0.1095 -0.0011892
0.10955 -0.00123085
0.1096 -0.00127105
0.10965 -0.00131181
0.1097 -0.0013511
0.10975 -0.00139091
0.1098 -0.00142922
0.10985 -0.00146804
0.1099 -0.00150532
0.10995 -0.00154307
0.11 -0.00157927
0.11005 -0.00161592
0.1101 -0.00165098
0.11015 -0.00168647
0.1102 -0.00172035
0.11025 -0.00175462
0.1103 -0.00178726
0.11035 -0.00182028
0.1104 -0.00185164
0.11045 -0.00188335
0.1105 -0.00191338
0.11055 -0.00194375
0.1106 -0.00197241
0.11065 -0.00200138
0.1107 -0.00202863
0.11075 -0.00205617
0.1108 -0.00208197
0.11085 -0.00210804
0.1109 -0.00213235
0.11095 -0.00215691
0.111 -0.0021797
0.11105 -0.00220271
0.1111 -0.00222395
0.11115 -0.00224539
0.1112 -0.00226503
0.11125 -0.00228488
0.1113 -0.0023029
0.11135 -0.00232112
0.1114 -0.0023375
0.11145 -0.00235406
0.1115 -0.00236877
0.11155 -0.00238365
0.1116 -0.00239668
0.11165 -0.00240986
0.1117 -0.00242118
0.11175 -0.00243264
0.1118 -0.00244224
0.11185 -0.00245197
0.1119 -0.00245983
0.11195 -0.00246781
0.112 -0.00247392
0.11205 -0.00248015
0.1121 -0.00248449
0.11215 -0.00248896
0.1122 -0.00249154
0.11225 -0.00249423
0.1123 -0.00249504
0.11235 -0.00249596
0.1124 -0.002495
0.11245 -0.00249415
0.1125 -0.00249141
0.11255 -0.00248879
0.1126 -0.00248428
0.11265 -0.00247989
0.1127 -0.00247362
0.11275 -0.00246747
0.1128 -0.00245944
0.11285 -0.00245154
0.1129 -0.00244176
0.11295 -0.00243213
0.113 -0.00242062
0.11305 -0.00240926
0.1131 -0.00239604
0.11315 -0.00238297
0.1132 -0.00236805
0.11325 -0.00235329
0.1133 -0.00233669
0.11335 -0.00232027
0.1134 -0.00230201
0.11345 -0.00228395
0.1135 -0.00226407
0.11355 -0.00224438
0.1136 -0.0022229
0.11365 -0.00220163
0.1137 -0.00217857
0.11375 -0.00215574
0.1138 -0.00213115
0.11385 -0.0021068
0.1139 -0.0020807
0.11395 -0.00205486
0.114 -0.00202729
0.11405 -0.002
0.1141 -0.001971
0.11415 -0.0019423
0.1142 -0.0019119
0.11425 -0.00188183
0.1143 -0.00185009
0.11435 -0.0018187
0.1144 -0.00178565
0.11445 -0.00175298
0.1145 -0.00171867
0.11455 -0.00168476
0.1146 -0.00164925
0.11465 -0.00161416
0.1147 -0.00157749
0.11475 -0.00154126
0.1148 -0.00150348
0.11485 -0.00146617
0.1149 -0.00142734
0.11495 -0.001389
0.115 -0.00134916
0.11505 -0.00130985
0.1151 -0.00126907
0.11515 -0.00122884
0.1152 -0.00118717
0.11525 -0.00114608
0.1153 -0.00110359
0.11535 -0.0010617
0.1154 -0.00101844
0.11545 -0.00097581
0.1155 -0.000931837
0.11555 -0.000888532
0.1156 -0.000843912
0.11565 -0.000799991
0.1157 -0.000754786
0.11575 -0.000710313
0.1158 -0.000664588
0.11585 -0.000619625
0.1159 -0.000573445
0.11595 -0.000528058
0.116 -0.000481485
0.11605 -0.00043574
0.1161 -0.000388842
0.11615 -0.000342803
0.1162 -0.000295644
0.11625 -0.000249379
0.1163 -0.000202027
0.11635 -0.0001556
0.1164 -0.000108121
0.11645 -6.16006e-05
0.1165 -1.40609e-05
0.11655 3.24864e-05
0.1166 8.00195e-05
0.11665 0.000126527
0.1167 0.000173987
0.11675 0.000220388
0.1168 0.000267708
0.11685 0.000313936
0.1169 0.000361049
0.11695 0.000407037
0.117 0.000453878
0.11705 0.00049956
0.1171 0.000546062
0.11715 0.000591373
0.1172 0.000637471
0.11725 0.000682346
0.1173 0.000727975
0.11735 0.000772349
0.1174 0.000817445
0.11745 0.000861254
0.1175 0.000905754
0.11755 0.000948935
0.1176 0.000992776
0.11765 0.00103527
0.1177 0.00107839
0.11775 0.00112013
0.1178 0.00116247
0.11785 0.0012034
0.1179 0.0012449
0.11795 0.00128496
0.118 0.00132556
0.11805 0.00136469
0.1181 0.00140434
0.11815 0.00144249
0.1182 0.00148112
0.11825 0.00151823
0.1183 0.0015558
0.11835 0.00159182
0.1184 0.00162827
0.11845 0.00166314
0.1185 0.00169842
0.11855 0.0017321
0.1186 0.00176616
0.11865 0.0017986
0.1187 0.0018314
0.11875 0.00186255
0.1188 0.00189403
0.11885 0.00192384
0.1189 0.00195397
0.11895 0.0019824
0.119 0.00201113
0.11905 0.00203815
0.1191 0.00206544
0.11915 0.002091
0.1192 0.00211681
0.11925 0.00214088
0.1193 0.00216518
0.11935 0.00218771
0.1194 0.00221046
0.11945 0.00223144
0.1195 0.00225261
0.11955 0.00227199
0.1196 0.00229156
0.11965 0.00230932
0.1197 0.00232725
0.11975 0.00234336
0.1198 0.00235964
0.11985 0.00237408
0.1199 0.00238867
0.11995 0.00240142
0.12 0.00241431
0.12005 0.00242535
0.1201 0.00243652
0.12015 0.00244583
0.1202 0.00245526
0.12025 0.00246283
0.1203 0.00247052
0.12035 0.00247634
0.1204 0.00248227
0.12045 0.00248633
0.1205 0.00249049
0.12055 0.00249278
0.1206 0.00249518
0.12065 0.00249569
0.1207 0.00249631
0.12075 0.00249506
0.1208 0.0024939
0.12085 0.00249087
0.1209 0.00248795
0.12095 0.00248315
0.121 0.00247846
0.12105 0.0024719
0.1211 0.00246546
0.12115 0.00245714
0.1212 0.00244894
0.12125 0.00243889
0.1213 0.00242895
0.12135 0.00241717
0.1214 0.00240551
0.12145 0.00239201
0.1215 0.00237865
0.12155 0.00236346
0.1216 0.00234841
0.12165 0.00233154
0.1217 0.00231484
0.12175 0.00229632
0.1218 0.00227797
0.12185 0.00225783
0.1219 0.00223787
0.12195 0.00221613
0.122 0.00219459
0.12205 0.00217128
0.1221 0.00214819
0.12215 0.00212335
0.1222 0.00209874
0.12225 0.00207239
0.1223 0.00204631
0.12235 0.0020185
0.1224 0.00199096
0.12245 0.00196173
0.1225 0.0019328
0.12255 0.00190218
0.1226 0.00187188
0.12265 0.00183993
0.1227 0.00180831
0.12275 0.00177506
0.1228 0.00174216
0.12285 0.00170766
0.1229 0.00167354
0.12295 0.00163784
0.123 0.00160255
0.12305 0.0015657
0.1231 0.00152928
0.12315 0.00149132
0.1232 0.00145383
0.12325 0.00141483
0.1233 0.00137632
0.12335 0.00133633
0.1234 0.00129685
0.12345 0.00125593
0.1235 0.00121554
0.12355 0.00117374
0.1236 0.00113251
0.12365 0.00108989
0.1237 0.00104787
0.12375 0.00100448
0.1238 0.000961733
0.12385 0.000917654
0.1239 0.000874235
0.12395 0.000829519
0.124 0.000785495
0.12405 0.000740205
0.1241 0.000695639
0.12415 0.000649839
0.1242 0.000604796
0.12425 0.00055855
0.1243 0.000513093
0.12435 0.000466467
0.1244 0.000420662
0.12445 0.000373721
0.1245 0.000327633
0.12455 0.000280443
0.1246 0.00023414
0.12465 0.000186767
0.1247 0.000140315
0.12475 9.28259e-05
0.1248 4.62904e-05
0.12485 -1.24767e-06
0.1249 -4.7799e-05
0.12495 -9.53194e-05
0.125 -0.00014182
0.12505 -0.000189256
0.1251 -0.000235639
0.12515 -0.000282924
0.1252 -0.000329122
0.12525 -0.000376189
0.1253 -0.000422137
0.12535 -0.000468921
0.1254 -0.000514552
0.12545 -0.000560986
0.1255 -0.000606235
0.12555 -0.000652254
0.1256 -0.000697055
0.12565 -0.000742595
0.1257 -0.000786885
0.12575 -0.000831881
0.1258 -0.000875596
0.12585 -0.000919985
0.1259 -0.000963062
0.12595 -0.00100678
0.126 -0.00104916
0.12605 -0.00109215
0.1261 -0.00113376
0.12615 -0.00117596
0.1262 -0.00121676
0.12625 -0.00125811
0.1263 -0.00129802
0.12635 -0.00133846
0.1264 -0.00137744
0.12645 -0.00141691
0.1265 -0.0014549
0.12655 -0.00149335
0.1266 -0.00153029
0.12665 -0.00156767
0.1267 -0.00160351
0.12675 -0.00163976
0.1268 -0.00167445
0.12685 -0.00170952
0.1269 -0.00174301
0.12695 -0.00177686
0.127 -0.00180909
0.12705 -0.00184166
0.1271 -0.0018726
0.12715 -0.00190385
0.1272 -0.00193345
0.12725 -0.00196334
0.1273 -0.00199154
0.12735 -0.00202003
0.1274 -0.00204681
0.12745 -0.00207385
0.1275 -0.00209917
0.12755 -0.00212473
0.1276 -0.00214855
0.12765 -0.00217259
0.1277 -0.00219487
0.12775 -0.00221736
0.1278 -0.00223807
0.12785 -0.00225898
0.1279 -0.0022781
0.12795 -0.00229739
0.128 -0.00231488
0.12805 -0.00233253
0.1281 -0.00234837
0.12815 -0.00236436
0.1282 -0.00237853
0.12825 -0.00239283
0.1283 -0.00240531
0.12835 -0.0024179
0.1284 -0.00242866
0.12845 -0.00243954
0.1285 -0.00244857
0.12855 -0.00245771
0.1286 -0.00246499
0.12865 -0.00247238
0.1287 -0.00247791
0.12875 -0.00248354
0.1288 -0.00248731
0.12885 -0.00249118
0.1289 -0.00249318
0.12895 -0.00249527
0.129 -0.0024955
0.12905 -0.00249582
0.1291 -0.00249427
0.12915 -0.00249282
0.1292 -0.0024895
0.12925 -0.00248628
0.1293 -0.00248119
0.12935 -0.0024762
0.1294 -0.00246935
0.12945 -0.00246261
0.1295 -0.00245401
0.12955 -0.00244552
0.1296 -0.00243518
0.12965 -0.00242495
0.1297 -0.00241288
0.12975 -0.00240094
0.1298 -0.00238716
0.12985 -0.00237351
0.1299 -0.00235804
0.12995 -0.00234271
0.13 -0.00232557
0.13005 -0.00230859
0.1301 -0.0022898
0.13015 -0.00227118
0.1302 -0.00225077
0.13025 -0.00223054
0.1303 -0.00220854
0.13035 -0.00218674
0.1304 -0.00216318
0.13045 -0.00213983
0.1305 -0.00211474
0.13055 -0.00208988
0.1306 -0.00206329
0.13065 -0.00203695
0.1307 -0.00200891
0.13075 -0.00198114
0.1308 -0.00195168
0.13085 -0.00192251
0.1309 -0.00189167
0.13095 -0.00186114
0.131 -0.00182897
0.13105 -0.00179713
0.1311 -0.00176368
0.13115 -0.00173057
0.1312 -0.00169587
0.13125 -0.00166155
0.1313 -0.00162566
0.13135 -0.00159017
0.1314 -0.00155314
0.13145 -0.00151653
0.1315 -0.0014784
0.13155 -0.00144073
0.1316 -0.00140157
0.13165 -0.00136289
0.1317 -0.00132274
0.13175 -0.00128311
0.1318 -0.00124204
0.13185 -0.0012015
0.1319 -0.00115957
0.13195 -0.00111819
0.132 -0.00107545
0.13205 -0.00103329
0.1321 -0.000989797
0.13215 -0.000946925
0.1322 -0.000902741
0.13225 -0.000859212
0.1323 -0.000814401
0.13235 -0.000770278
0.1324 -0.000724904
0.13245 -0.000680249
0.1325 -0.000634376
0.13255 -0.000589254
0.1326 -0.000542946
0.13265 -0.000497421
0.1327 -0.000450744
0.13275 -0.000404882
0.1328 -0.000357901
0.13285 -0.000311768
0.1329 -0.000264549
0.13295 -0.000218211
0.133 -0.00017082
0.13305 -0.000124343
0.1331 -7.68478e-05
0.13315 -3.02999e-05
0.1332 1.7234e-05
0.13325 6.37869e-05
0.1333 0.000111292
0.13335 0.000157783
0.1334 0.000205192
0.13345 0.000251554
0.1335 0.000298801
0.13355 0.000344968
0.1336 0.000391987
0.13365 0.000437891
0.1337 0.000484615
0.13375 0.000530192
0.1338 0.000576556
0.13385 0.00062174
0.1339 0.000667677
0.13395 0.000712404
0.134 0.000757851
0.13405 0.000802055
0.1341 0.000846948
0.13415 0.000890566
0.1342 0.000934842
0.13425 0.000977812
0.1343 0.00102141
0.13435 0.00106367
0.1344 0.00110652
0.13445 0.00114801
0.1345 0.00119007
0.13455 0.00123073
0.1346 0.00127192
0.13465 0.00131169
0.1347 0.00135197
0.13475 0.00139079
0.1348 0.00143009
0.13485 0.00146791
0.1349 0.00150618
0.13495 0.00154295
0.135 0.00158014
0.13505 0.00161579
0.1351 0.00165185
0.13515 0.00168634
0.1352 0.00172121
0.13525 0.00175449
0.1353 0.00178812
0.13535 0.00182015
0.1354 0.0018525
0.13545 0.00188322
0.1355 0.00191424
0.13555 0.00194362
0.1356 0.00197327
0.13565 0.00200125
0.1357 0.00202949
0.13575 0.00205604
0.1358 0.00208283
0.13585 0.0021079
0.1359 0.0021332
0.13595 0.00215677
0.136 0.00218055
0.13605 0.00220258
0.1361 0.0022248
0.13615 0.00224526
0.1362 0.00226589
0.13625 0.00228474
0.1363 0.00230376
0.13635 0.00232098
0.1364 0.00233835
0.13645 0.00235392
0.1365 0.00236962
0.13655 0.00238352
0.1366 0.00239753
0.13665 0.00240972
0.1367 0.00242203
0.13675 0.00243251
0.1368 0.00244309
0.13685 0.00245183
0.1369 0.00246067
0.13695 0.00246767
0.137 0.00247477
0.13705 0.00248001
0.1371 0.00248534
0.13715 0.00248882
0.1372 0.00249238
0.13725 0.00249409
0.1373 0.00249588
0.13735 0.00249582
0.1374 0.00249584
0.13745 0.002494
0.1375 0.00249225
0.13755 0.00248864
0.1376 0.00248512
0.13765 0.00247974
0.1377 0.00247446
0.13775 0.00246732
0.1378 0.00246028
0.13785 0.00245139
0.1379 0.0024426
0.13795 0.00243198
0.138 0.00242146
0.13805 0.00240911
0.1381 0.00239687
0.13815 0.00238282
0.1382 0.00236888
0.13825 0.00235314
0.1383 0.00233753
0.13835 0.00232011
0.1384 0.00230285
0.13845 0.00228379
0.1385 0.0022649
0.13855 0.00224423
0.1386 0.00222373
0.13865 0.00220147
0.1387 0.0021794
0.13875 0.00215559
0.1388 0.00213198
0.13885 0.00210664
0.1389 0.00208153
0.13895 0.0020547
0.139 0.00202812
0.13905 0.00199984
0.1391 0.00197182
0.13915 0.00194214
0.1392 0.00191273
0.13925 0.00188168
0.1393 0.00185092
0.13935 0.00181854
0.1394 0.00178648
0.13945 0.00175282
0.1395 0.0017195
0.13955 0.0016846
0.1396 0.00165008
0.13965 0.001614
0.1397 0.00157831
0.13975 0.0015411
0.1398 0.0015043
0.13985 0.00146601
0.1399 0.00142816
0.13995 0.00138883
0.14 0.00134998
0.14005 0.00130969
0.1401 0.00126989
0.14015 0.00122868
0.1402 0.00118799
0.14025 0.00114592
0.1403 0.00110441
0.14035 0.00106154
0.1404 0.00101925
0.14045 0.000975645
0.1405 0.000932654
0.14055 0.000888366
0.1406 0.000844727
0.14065 0.000799824
0.1407 0.000755601
0.14075 0.000710145
0.1408 0.000665402
0.14085 0.000619458
0.1409 0.000574258
0.14095 0.000527889
0.141 0.000482298
0.14105 0.000435571
0.1411 0.000389653
0.14115 0.000342633
0.1412 0.000296455
0.14125 0.000249208
0.1413 0.000202837
0.14135 0.000155429
0.1414 0.00010893
0.14145 6.14286e-05
0.1415 1.48694e-05
0.14155 -3.2659e-05
0.1416 -7.92119e-05
0.14165 -0.0001267
0.1417 -0.00017318
0.14175 -0.000220562
0.1418 -0.000266902
0.14185 -0.00031411
0.1419 -0.000360244
0.14195 -0.000407213
0.142 -0.000453073
0.14205 -0.000499736
0.1421 -0.000545258
0.14215 -0.00059155
0.1422 -0.000636668
0.14225 -0.000682523
0.1423 -0.000727173
0.14235 -0.000772527
0.1424 -0.000816643
0.14245 -0.000861433
0.1425 -0.000904953
0.14255 -0.000949114
0.1426 -0.000991976
0.14265 -0.00103545
0.1427 -0.00107759
0.14275 -0.00112031
0.1428 -0.00116167
0.14285 -0.00120358
0.1429 -0.0012441
0.14295 -0.00128514
0.143 -0.00132476
0.14305 -0.00136487
0.1431 -0.00140354
0.14315 -0.00144267
0.1432 -0.00148032
0.14325 -0.00151841
0.1433 -0.001555
0.14335 -0.001592
0.1434 -0.00162747
0.14345 -0.00166333
0.1435 -0.00169763
0.14355 -0.00173229
0.1436 -0.00176537
0.14365 -0.00179879
0.1437 -0.0018306
0.14375 -0.00186273
0.1438 -0.00189324
0.14385 -0.00192403
0.1439 -0.00195318
0.14395 -0.00198259
0.144 -0.00201034
0.14405 -0.00203834
0.1441 -0.00206465
0.14415 -0.00209119
0.1442 -0.00211602
0.14425 -0.00214107
0.1443 -0.00216439
0.14435 -0.0021879
0.1444 -0.00220968
0.14445 -0.00223163
0.1445 -0.00225183
0.14455 -0.00227218
0.1446 -0.00229077
0.14465 -0.00230951
0.1447 -0.00232647
0.14475 -0.00234356
0.1448 -0.00235885
0.14485 -0.00237427
0.1449 -0.00238789
0.14495 -0.00240161
0.145 -0.00241353
0.14505 -0.00242554
0.1451 -0.00243574
0.14515 -0.00244602
0.1452 -0.00245448
0.14525 -0.00246303
0.1453 -0.00246974
0.14535 -0.00247654
0.1454 -0.00248149
0.14545 -0.00248652
0.1455 -0.00248971
0.14555 -0.00249298
0.1456 -0.0024944
0.14565 -0.00249589
0.1457 -0.00249554
0.14575 -0.00249525
0.1458 -0.00249313
0.14585 -0.00249107
0.1459 -0.00248718
0.14595 -0.00248335
0.146 -0.00247769
0.14605 -0.0024721
0.1461 -0.00246468
0.14615 -0.00245734
0.1462 -0.00244817
0.14625 -0.00243909
0.1463 -0.00242818
0.14635 -0.00241737
0.1464 -0.00240474
0.14645 -0.00239221
0.1465 -0.00237788
0.14655 -0.00236366
0.1466 -0.00234764
0.14665 -0.00233175
0.1467 -0.00231407
0.14675 -0.00229652
0.1468 -0.0022772
0.14685 -0.00225803
0.1469 -0.0022371
0.14695 -0.00221633
0.147 -0.00219382
0.14705 -0.00217149
0.1471 -0.00214742
0.14715 -0.00212355
0.1472 -0.00209797
0.14725 -0.0020726
0.1473 -0.00204554
0.14735 -0.00201871
0.1474 -0.0019902
0.14745 -0.00196194
0.1475 -0.00193203
0.14755 -0.00190239
0.1476 -0.00187112
0.14765 -0.00184014
0.1477 -0.00180754
0.14775 -0.00177527
0.1478 -0.0017414
0.14785 -0.00170787
0.1479 -0.00167278
0.14795 -0.00163805
0.148 -0.00160179
0.14805 -0.00156591
0.1481 -0.00152852
0.14815 -0.00149154
0.1482 -0.00145307
0.14825 -0.00141504
0.1483 -0.00137556
0.14835 -0.00133654
0.1484 -0.0012961
0.14845 -0.00125614
0.1485 -0.00121479
0.14855 -0.00117396
0.1486 -0.00113175
0.14865 -0.0010901
0.1487 -0.00104711
0.14875 -0.0010047
0.1488 -0.000960979
0.14885 -0.00091787
0.1489 -0.000873481
0.14895 -0.000829736
0.149 -0.000784741
0.14905 -0.000740423
0.1491 -0.000694886
0.14915 -0.000650057
0.1492 -0.000604043
0.14925 -0.000558768
0.1493 -0.000512341
0.14935 -0.000466686
0.1494 -0.000419911
0.14945 -0.00037394
0.1495 -0.000326883
0.14955 -0.000280663
0.1496 -0.000233391
0.14965 -0.000186988
0.1497 -0.000139566
0.14975 -9.30472e-05
0.1498 -4.55421e-05
0.14985 1.0259e-06
0.1499 4.85467e-05
0.14995 9.50972e-05
0.15 0.000142567
