0.0 0.0
5.0e-05 0.000405342765609
0.0001 0.00146432012938
0.00015 0.00283630969833
0.0002 0.00417168853226
0.00025 0.00518856960689
0.0003 0.00572176953866
0.00035 0.00573825429648
0.0004 0.00532150847322
0.00045 0.00463353605006
0.0005 0.003866512879
0.00055 0.00319626854866
0.0006 0.00274728679984
0.00065 0.00257476959547
0.0007 0.00266468635004
0.00075 0.00294870350852
0.0008 0.00332822375122
0.00085 0.00370079785452
0.0009 0.00398282103816
0.00095 0.00412427209228
0.001 0.00411369456367
0.00105 0.00397402756425
0.0011 0.00375175706047
0.00115 0.00350286986413
0.0012 0.00327918104402
0.00125 0.00311791085444
0.0013 0.00303619364379
0.00135 0.00303085110888
0.0014 0.00308257296254
0.00145 0.00316284768022
0.0015 0.00324167970953
0.00155 0.00329429822141
0.0016 0.00330558815807
0.00165 0.00327168252633
0.0017 0.00319886189468
0.00175 0.00310046103736
0.0018 0.00299279081869
0.00185 0.00289112175168
0.0019 0.00280658236996
0.00195 0.0027444820413
0.002 0.00270417384135
0.00205 0.00268022201915
0.0021 0.00266439853944
0.00215 0.00264793669933
0.0022 0.00262351294167
0.00225 0.00258657742912
0.0023 0.00253585927376
0.00235 0.00247307976424
0.0024 0.00240207151901
0.00245 0.00232759520007
0.0025 0.00225416028834
0.00255 0.00218510281721
0.0026 0.00212207419163
0.00265 0.00206498029817
0.0027 0.00201230652965
0.00275 0.00196169243102
0.0028 0.00191058943953
0.00285 0.0018568459723
0.0029 0.00179910653359
0.00295 0.00173697100748
0.003 0.00167092113593
0.00305 0.00160207004603
0.0031 0.00153181913291
0.00315 0.00146151202402
0.0032 0.00139216054147
0.00325 0.00132428920664
0.0033 0.00125791133086
0.00335 0.00119261919359
0.0034 0.0011277492853
0.00345 0.0010625741626
0.0035 0.000996475076263
0.00355 0.000929061553906
0.0036 0.000860221344781
0.00365 0.000790101964768
0.0037 0.000719039576204
0.00375 0.000647459556018
0.0038 0.000575775004298
0.00385 0.000504305371852
0.0039 0.000433229242974
0.00395 0.00036257554957
0.004 0.000292248492341
0.00405 0.000222075008622
0.0041 0.000151860697835
0.00415 8.14407205781e-05
0.0042 1.07155881337e-05
0.00425 -6.03332567026e-05
0.0043 -0.000131647943349
0.00435 -0.000203114339698
0.0044 -0.000274590851385
0.00445 -0.000345938177338
0.0045 -0.000417043459985
0.00455 -0.000487834602796
0.0046 -0.000558283369696
0.00465 -0.000628398531708
0.0047 -0.000698212248895
0.00475 -0.000767763781939
0.0048 -0.000837084497561
0.00485 -0.000906187171716
0.0049 -0.000975061153441
0.00495 -0.00104367342297
0.005 -0.00111197430441
0.00505 -0.0011799058054
0.0051 -0.0012474103404
0.00515 -0.00131443789718
0.0052 -0.00138095037527
0.00525 -0.00144692265153
0.0053 -0.00151234070872
0.00535 -0.00157719773644
0.0054 -0.00164148939375
0.00545 -0.00170520939812
0.0055 -0.00176834633499
0.00555 -0.00183088216574
0.0056 -0.0018927924645
0.00565 -0.00195404803714
0.0057 -0.00201461733812
0.00575 -0.00207446902987
0.0058 -0.00213357411137
0.00585 -0.00219190723405
0.0059 -0.00224944706324
0.00595 -0.00230617577341
0.006 -0.00236207793622
0.00605 -0.00241713914662
0.0061 -0.00247134472891
0.00615 -0.00252467878894
0.0062 -0.00257712375802
0.00625 -0.00262866044364
0.0063 -0.00267926849024
0.00635 -0.00272892708179
0.0064 -0.00277761569487
0.00645 -0.00282531473306
0.0065 -0.00287200592777
0.00655 -0.00291767246094
0.0066 -0.00296229883231
0.00665 -0.00300587054494
0.0067 -0.00304837370917
0.00675 -0.00308979466534
0.0068 -0.0031301197044
0.00685 -0.00316933493072
0.0069 -0.00320742627329
0.00695 -0.00324437961841
0.007 -0.00328018101549
0.00705 -0.00331481690009
0.0071 -0.00334827428433
0.00715 -0.00338054088018
0.0072 -0.00341160514166
0.00725 -0.00344145623164
0.0073 -0.00347008393427
0.00735 -0.00349747854197
0.0074 -0.00352363074649
0.00745 -0.00354853155752
0.0075 -0.00357217226227
0.00755 -0.00359454442846
0.0076 -0.00361563994311
0.00765 -0.00363545107337
0.0077 -0.00365397053302
0.00775 -0.00367119153992
0.0078 -0.00368710785417
0.00785 -0.00370171379251
0.0079 -0.00371500422037
0.00795 -0.00372697452763
0.008 -0.00373762059636
0.00805 -0.00374693876924
0.0081 -0.00375492582567
0.00815 -0.00376157896955
0.0082 -0.00376689582967
0.00825 -0.00377087447052
0.0083 -0.00377351340978
0.00835 -0.00377481163737
0.0084 -0.00377476863211
0.00845 -0.00377338437258
0.0085 -0.00377065934107
0.00855 -0.00376659452074
0.0086 -0.00376119138789
0.00865 -0.00375445190154
0.0087 -0.00374637849305
0.00875 -0.0037369740578
0.0088 -0.00372624195
0.00885 -0.00371418598121
0.0089 -0.00370081042178
0.00895 -0.00368612000409
0.009 -0.00367011992639
0.00905 -0.00365281585568
0.0091 -0.00363421392893
0.00915 -0.00361432075217
0.0092 -0.00359314339741
0.00925 -0.00357068939805
0.0093 -0.00354696674334
0.00935 -0.00352198387267
0.0094 -0.00349574967036
0.00945 -0.00346827346128
0.0095 -0.00343956500734
0.00955 -0.00340963450483
0.0096 -0.00337849258219
0.00965 -0.00334615029778
0.0097 -0.00331261913742
0.00975 -0.00327791101122
0.0098 -0.00324203824979
0.00985 -0.00320501359964
0.0099 -0.00316685021809
0.00995 -0.00312756166773
0.01 -0.00308716191078
0.01005 -0.00304566530348
0.0101 -0.00300308659059
0.01015 -0.00295944090011
0.0102 -0.00291474373812
0.01025 -0.00286901098364
0.0103 -0.00282225888348
0.01035 -0.0027745040469
0.0104 -0.00272576343995
0.01045 -0.00267605437961
0.0105 -0.00262539452754
0.01055 -0.00257380188372
0.0106 -0.00252129477973
0.01065 -0.00246789187202
0.0107 -0.0024136121351
0.01075 -0.00235847485469
0.0108 -0.00230249962079
0.01085 -0.00224570632087
0.0109 -0.00218811513282
0.01095 -0.00212974651799
0.011 -0.002070621214
0.01105 -0.0020107602275
0.0111 -0.0019501848267
0.01115 -0.00188891653383
0.0112 -0.00182697711743
0.01125 -0.00176438858456
0.0113 -0.0017011731729
0.01135 -0.0016373533428
0.0114 -0.00157295176926
0.01145 -0.00150799133384
0.0115 -0.00144249511661
0.01155 -0.00137648638792
0.0116 -0.00130998860021
0.01165 -0.00124302537967
0.0117 -0.00117562051794
0.01175 -0.0011077979636
0.0118 -0.00103958181372
0.01185 -0.000970996305207
0.0119 -0.000902065806263
0.01195 -0.000832814807644
0.012 -0.000763267913963
0.01205 -0.000693449834934
0.0121 -0.000623385376591
0.01215 -0.000553099432482
0.0122 -0.000482616974828
0.01225 -0.000411963045665
0.0123 -0.000341162747957
0.01235 -0.000270241236687
0.0124 -0.00019922370992
0.01245 -0.000128135399849
0.0125 -5.70015638311e-05
0.01255 1.4152524597e-05
0.0126 8.53015847023e-05
0.01265 0.000156420337543
0.0127 0.000227483514955
0.01275 0.000298465868526
0.0128 0.000369342178571
0.01285 0.000440087263085
0.0129 0.000510675986689
0.01295 0.000581083269557
0.013 0.000651284096324
0.01305 0.000721253524975
0.0131 0.000790966695701
0.01315 0.000860398839741
0.0132 0.000929525288177
0.01325 0.000998321480703
0.0133 0.00106676297435
0.01335 0.00113482545219
0.0134 0.00120248473194
0.01345 0.00126971677457
0.0135 0.00133649769288
0.01355 0.00140280375992
0.0136 0.00146861141746
0.01365 0.00153389728436
0.0137 0.00159863816486
0.01375 0.00166281105683
0.0138 0.00172639315996
0.01385 0.00178936188382
0.0139 0.00185169485592
0.01395 0.00191336992965
0.014 0.00197436519214
0.01405 0.00203465897208
0.0141 0.00209422984737
0.01415 0.00215305665277
0.0142 0.00221111848738
0.01425 0.00226839472212
0.0143 0.00232486500702
0.01435 0.00238050927845
0.0144 0.00243530776627
0.01445 0.00248924100083
0.0145 0.00254228981992
0.01455 0.00259443537553
0.0146 0.00264565914061
0.01465 0.00269594291559
0.0147 0.00274526883489
0.01475 0.00279361937324
0.0148 0.00284097735193
0.01485 0.00288732594489
0.0149 0.00293264868469
0.01495 0.00297692946838
0.015 0.0030201525632
0.01505 0.0030623026122
0.0151 0.00310336463966
0.01515 0.00314332405644
0.0152 0.00318216666515
0.01525 0.0032198786652
0.0153 0.00325644665769
0.01535 0.00329185765018
0.0154 0.00332609906133
0.01545 0.00335915872532
0.0155 0.00339102489621
0.01555 0.0034216862521
0.0156 0.00345113189916
0.01565 0.00347935137549
0.0157 0.00350633465485
0.01575 0.0035320721502
0.0158 0.00355655471713
0.01585 0.00357977365711
0.0159 0.00360172072055
0.01595 0.00362238810977
0.016 0.00364176848175
0.01605 0.00365985495072
0.0161 0.00367664109066
0.01615 0.00369212093753
0.0162 0.00370628899141
0.01625 0.00371914021846
0.0163 0.0037306700527
0.01635 0.00374087439763
0.0164 0.00374974962771
0.01645 0.00375729258959
0.0165 0.00376350060332
0.01655 0.00376837146319
0.0166 0.00377190343864
0.01665 0.00377409527475
0.0167 0.00377494619278
0.01675 0.0037744558904
0.0168 0.00377262454182
0.01685 0.0037694527977
0.0169 0.00376494178496
0.01695 0.00375909310632
0.017 0.0037519088398
0.01705 0.00374339153794
0.0171 0.00373354422689
0.01715 0.00372237040535
0.0172 0.00370987404333
0.01725 0.00369605958073
0.0173 0.00368093192576
0.01735 0.00366449645321
0.0174 0.00364675900251
0.01745 0.0036277258757
0.0175 0.00360740383516
0.01755 0.00358580010122
0.0176 0.00356292234958
0.01765 0.00353877870859
0.0177 0.00351337775637
0.01775 0.00348672851777
0.0178 0.00345884046113
0.01785 0.00342972349494
0.0179 0.00339938796432
0.01795 0.00336784464734
0.018 0.0033351047512
0.01805 0.00330117990822
0.0181 0.00326608217174
0.01815 0.00322982401182
0.0182 0.0031924183108
0.01825 0.00315387835876
0.0183 0.00311421784875
0.01835 0.00307345087197
0.0184 0.00303159191273
0.01845 0.00298865584332
0.0185 0.00294465791871
0.01855 0.00289961377117
0.0186 0.00285353940467
0.01865 0.0028064511892
0.0187 0.00275836585498
0.01875 0.00270930048652
0.0188 0.00265927251649
0.01885 0.00260829971959
0.0189 0.00255640020623
0.01895 0.00250359241605
0.019 0.0024498951114
0.01905 0.00239532737068
0.0191 0.00233990858156
0.01915 0.00228365843405
0.0192 0.00222659691358
0.01925 0.00216874429383
0.0193 0.00211012112956
0.01935 0.0020507482493
0.0194 0.00199064674795
0.01945 0.00192983797929
0.0195 0.00186834354838
0.01955 0.00180618530391
0.0196 0.0017433853304
0.01965 0.00167996594038
0.0197 0.00161594966646
0.01975 0.00155135925333
0.0198 0.00148621764963
0.01985 0.00142054799989
0.0199 0.0013543736362
0.01995 0.00128771807001
0.02 0.00122060498372
0.02005 0.00115305822229
0.0201 0.00108510178476
0.02015 0.00101675981574
0.0202 0.000948056596799
0.02025 0.000879016537862
0.0203 0.000809664168534
0.02035 0.000740024129383
0.0204 0.000670121163182
0.02045 0.000599980106123
0.0205 0.000529625878989
0.02055 0.000459083478303
0.0206 0.000388377967442
0.02065 0.000317534467739
0.0207 0.000246578149551
0.02075 0.000175534223321
0.0208 0.000104427930618
0.02085 3.32845351678e-05
0.0209 -3.78706861191e-05
0.02095 -0.000109012452132
0.021 -0.000180115486539
0.02105 -0.000251154526771
0.0211 -0.000322104332997
0.02115 -0.000392939697086
0.0212 -0.000463635451572
0.02125 -0.00053416647859
0.0213 -0.000604507718801
0.02135 -0.000674634180299
0.0214 -0.000744520947484
0.02145 -0.000814143189922
0.0215 -0.000883476171161
0.02155 -0.000952495257524
0.0216 -0.00102117592686
0.02165 -0.00108949377725
0.0217 -0.00115742453568
0.02175 -0.00122494406669
0.0218 -0.00129202838091
0.02185 -0.0013586536436
0.0219 -0.00142479618311
0.02195 -0.00149043249933
0.022 -0.00155553927197
0.02205 -0.00162009336892
0.0221 -0.00168407185441
0.02215 -0.00174745199719
0.0222 -0.0018102112786
0.02225 -0.00187232740055
0.0223 -0.0019337782935
0.02235 -0.00199454212423
0.0224 -0.00205459730363
0.02245 -0.0021139224944
0.0225 -0.00217249661858
0.02255 -0.00223029886504
0.0226 -0.00228730869695
0.02265 -0.00234350585896
0.0227 -0.0023988703845
0.02275 -0.00245338260281
0.0228 -0.00250702314597
0.02285 -0.00255977295574
0.0229 -0.00261161329037
0.02295 -0.00266252573124
0.023 -0.00271249218939
0.02305 -0.00276149491197
0.0231 -0.00280951648857
0.02315 -0.00285653985734
0.0232 -0.00290254831109
0.02325 -0.00294752550326
0.0233 -0.00299145545364
0.02335 -0.00303432255415
0.0234 -0.0030761115743
0.02345 -0.00311680766666
0.0235 -0.00315639637209
0.02355 -0.00319486362493
0.0236 -0.00323219575793
0.02365 -0.00326837950716
0.0237 -0.00330340201672
0.02375 -0.00333725084328
0.0238 -0.0033699139605
0.02385 -0.00340137976334
0.0239 -0.00343163707214
0.02395 -0.00346067513663
0.024 -0.00348848363972
0.02405 -0.00351505270119
0.0241 -0.00354037288117
0.02415 -0.00356443518352
0.0242 -0.00358723105903
0.02425 -0.00360875240842
0.0243 -0.00362899158526
0.02435 -0.00364794139867
0.0244 -0.00366559511588
0.02445 -0.00368194646459
0.0245 -0.00369698963526
0.02455 -0.00371071928311
0.0246 -0.00372313053007
0.02465 -0.00373421896648
0.0247 -0.00374398065268
0.02475 -0.00375241212037
0.0248 -0.00375951037391
0.02485 -0.00376527289131
0.0249 -0.00376969762518
0.02495 -0.00377278300344
0.025 -0.00377452792986
0.02505 -0.00377493178447
0.0251 -0.00377399442381
0.02515 -0.00377171618089
0.0252 -0.00376809786517
0.02525 -0.00376314076222
0.0253 -0.00375684663328
0.02535 -0.00374921771462
0.0254 -0.00374025671676
0.02545 -0.00372996682349
0.0255 -0.00371835169078
0.02555 -0.00370541544541
0.0256 -0.00369116268358
0.02565 -0.00367559846922
0.0257 -0.00365872833223
0.02575 -0.00364055826649
0.0258 -0.00362109472773
0.02585 -0.00360034463125
0.0259 -0.00357831534947
0.02595 -0.00355501470928
0.026 -0.0035304509893
0.02605 -0.00350463291689
0.0261 -0.00347756966509
0.02615 -0.00344927084935
0.0262 -0.0034197465241
0.02625 -0.00338900717919
0.0263 -0.00335706373617
0.02635 -0.00332392754439
0.0264 -0.00328961037698
0.02645 -0.00325412442667
0.0265 -0.00321748230144
0.02655 -0.00317969702007
0.0266 -0.0031407820075
0.02665 -0.00310075109002
0.0267 -0.00305961849046
0.02675 -0.00301739882301
0.0268 -0.00297410708812
0.02685 -0.00292975866715
0.0269 -0.00288436931688
0.02695 -0.00283795516392
0.027 -0.00279053269901
0.02705 -0.00274211877111
0.0271 -0.00269273058147
0.02715 -0.00264238567748
0.0272 -0.00259110194644
0.02725 -0.00253889760922
0.0273 -0.00248579121376
0.02735 -0.00243180162852
0.0274 -0.00237694803575
0.02745 -0.00232124992465
0.0275 -0.00226472708451
0.02755 -0.00220739959762
0.0276 -0.00214928783216
0.02765 -0.00209041243497
0.0277 -0.0020307943242
0.02775 -0.00197045468187
0.0278 -0.00190941494638
0.02785 -0.00184769680485
0.0279 -0.00178532218544
0.02795 -0.00172231324956
0.028 -0.00165869238398
0.02805 -0.0015944821929
0.0281 -0.00152970548989
0.02815 -0.0014643852898
0.0282 -0.00139854480059
0.02825 -0.00133220741507
0.0283 -0.0012653967026
0.02835 -0.0011981364007
0.0284 -0.00113045040665
0.02845 -0.00106236276896
0.0285 -0.000993897678825
0.02855 -0.000925079461581
0.0286 -0.000855932568009
0.02865 -0.000786481565672
0.0287 -0.000716751130179
0.02875 -0.000646766036423
0.0288 -0.000576551149773
0.02885 -0.000506131417246
0.0289 -0.000435531858635
0.02895 -0.00036477755763
0.029 -0.000293893652895
0.02905 -0.000222905329144
0.0291 -0.000151837808192
0.02915 -8.07163399889e-05
0.0292 -9.5661936549e-06
0.02925 6.15873515022e-05
0.0293 0.000132719014967
0.02935 0.000203803523997
0.0294 0.000274815622605
0.02945 0.000345730080532
0.0295 0.000416521702207
0.02955 0.000487165335705
0.0296 0.000557635881678
0.02965 0.000627908302278
0.0297 0.000697957630048
0.02975 0.000767758976796
0.0298 0.000837287542434
0.02985 0.000906518623796
0.0299 0.000975427623407
0.02995 0.00104399005823
0.03 0.00111218156835
0.03005 0.00117997792566
0.0301 0.00124735504243
0.03015 0.0013142889799
0.0302 0.00138075595674
0.03025 0.00144673235757
0.0303 0.00151219474129
0.03035 0.00157711984941
0.0304 0.00164148461436
0.03045 0.00170526616764
0.0305 0.00176844184797
0.03055 0.00183098920933
0.0306 0.00189288602895
0.03065 0.00195411031517
0.0307 0.00201464031531
0.03075 0.00207445452333
0.0308 0.00213353168754
0.03085 0.00219185081809
0.0309 0.00224939119449
0.03095 0.00230613237291
0.031 0.00236205419348
0.03105 0.00241713678744
0.0311 0.00247136058421
0.03115 0.00252470631833
0.0312 0.00257715503631
0.03125 0.00262868810339
0.0313 0.0026792872101
0.03135 0.00272893437882
0.0314 0.00277761197015
0.03145 0.00282530268917
0.0315 0.0028719895916
0.03155 0.0029176560898
0.0316 0.00296228595869
0.03165 0.00300586334148
0.0317 0.00304837275534
0.03175 0.00308979909687
0.0318 0.0031301276475
0.03185 0.00316934407868
0.0319 0.003207434457
0.03195 0.00324438524913
0.032 0.00328018332662
0.03205 0.00331481597061
0.0321 0.00334827087626
0.03215 0.00338053615721
0.0322 0.00341160034976
0.03225 0.00344145241695
0.0323 0.00347008175249
0.03235 0.0034974781845
0.0324 0.00352363197917
0.03245 0.00354853384417
0.0325 0.00357217493199
0.03255 0.00359454684307
0.0326 0.00361564162878
0.03265 0.00363545179423
0.0327 0.00365397030096
0.03275 0.00367119056945
0.0328 0.00368710648141
0.03285 0.00370171238199
0.0329 0.00371500308179
0.03295 0.00372697385869
0.033 0.00373762045951
0.03305 0.00374693910159
0.0331 0.00375492647405
0.03315 0.003761579739
0.0332 0.00376689653259
0.03325 0.00377087496578
0.0333 0.00377351362505
0.03335 0.00377481157289
0.0334 0.00377476834816
0.03345 0.0037733839662
0.0335 0.00377065891889
0.03355 0.00376659417442
0.0336 0.00376119117698
0.03365 0.00375445184622
0.0337 0.0037463785766
0.03375 0.0037369742365
0.0338 0.00372624216726
0.03385 0.00371418618191
0.0339 0.00370081056391
0.03395 0.00368612006552
0.034 0.00367011990624
0.03405 0.00365281577082
0.0341 0.00363421380736
0.03415 0.00361432062503
0.0342 0.0035931432918
0.03425 0.00357068933186
0.0343 0.003546966723
0.03435 0.00352198389376
0.0344 0.00349574972041
0.03445 0.00346827352384
0.0345 0.00343956506619
0.03455 0.00340963454745
0.0346 0.00337849260179
0.03465 0.0033461502938
0.0347 0.00331261911455
0.03475 0.00327791097749
0.0348 0.00324203821427
0.03485 0.00320501357032
0.0349 0.0031668502003
0.03495 0.00312756166348
0.035 0.0030871619189
0.03505 0.00304566532039
0.0351 0.00300308661149
0.03515 0.00295944092022
0.0352 0.00291474375368
0.03525 0.00286901099257
0.0353 0.00282225888551
0.03535 0.0027745040433
0.0354 0.00272576343302
0.03545 0.00267605437198
0.0355 0.00262539452155
0.03555 0.00257380188096
0.0356 0.00252129478081
0.03565 0.00246789187663
0.0357 0.00241361214222
0.03575 0.0023584748629
0.0358 0.0023024996287
0.03585 0.00224570632735
0.0359 0.00218811513723
0.03595 0.00212974652022
0.036 0.00207062121441
0.03605 0.00201076022674
0.0361 0.00195018482554
0.03615 0.00188891653296
0.0362 0.00182697711733
0.03625 0.00176438858542
0.0363 0.00170117317466
0.03635 0.00163735334516
0.0364 0.00157295177182
0.03645 0.00150799133621
0.0365 0.00144249511845
0.03655 0.00137648638904
0.0366 0.00130998860058
0.03665 0.0012430253794
0.0367 0.00117562051723
0.03675 0.00110779796268
0.0368 0.00103958181279
0.03685 0.000970996304438
0.0369 0.000902065805719
0.03695 0.000832814807314
0.037 0.000763267913773
0.03705 0.000693449834777
0.0371 0.000623385376357
0.03715 0.000553099432081
0.0372 0.00048261697421
0.03725 0.000411963044827
0.0373 0.000341162746935
0.03735 0.000270241235543
0.0374 0.000199223708728
0.03745 0.000128135398677
0.0375 5.70015627297e-05
0.03755 -1.41525256018e-05
0.0376 -8.53015856083e-05
0.03765 -0.000156420338368
0.0377 -0.000227483515726
0.03775 -0.000298465869274
0.0378 -0.000369342179319
0.03785 -0.000440087263848
0.0379 -0.000510675987467
0.03795 -0.000581083270339
0.038 -0.000651284097092
0.03805 -0.000721253525706
0.0381 -0.000790966696378
0.03815 -0.000860398840348
0.0382 -0.000929525288707
0.03825 -0.000998321481157
0.0383 -0.00106676297474
0.03835 -0.00113482545252
0.0384 -0.00120248473221
0.03845 -0.00126971677481
0.0385 -0.00133649769308
0.03855 -0.00140280376009
0.0386 -0.0014686114176
0.03865 -0.00153389728446
0.0387 -0.00159863816493
0.03875 -0.00166281105687
0.0388 -0.00172639315995
0.03885 -0.00178936188377
0.0389 -0.00185169485583
0.03895 -0.00191336992952
0.039 -0.00197436519199
0.03905 -0.00203465897191
0.0391 -0.00209422984718
0.03915 -0.00215305665257
0.0392 -0.00221111848717
0.03925 -0.0022683947219
0.0393 -0.00232486500679
0.03935 -0.00238050927822
0.0394 -0.00243530776603
0.03945 -0.00248924100059
0.0395 -0.00254228981967
0.03955 -0.00259443537529
0.0396 -0.00264565914037
0.03965 -0.00269594291536
0.0397 -0.00274526883467
0.03975 -0.00279361937303
0.0398 -0.00284097735173
0.03985 -0.0028873259447
0.0399 -0.00293264868452
0.03995 -0.00297692946822
0.04 -0.00302015256305
0.04005 -0.00306230261207
0.0401 -0.00310336463954
0.04015 -0.00314332405634
0.0402 -0.00318216666506
0.04025 -0.00321987866512
0.0403 -0.00325644665763
0.04035 -0.00329185765014
0.0404 -0.0033260990613
0.04045 -0.00335915872531
0.0405 -0.00339102489621
0.04055 -0.00342168625212
0.0406 -0.00345113189919
0.04065 -0.00347935137553
0.0407 -0.0035063346549
0.04075 -0.00353207215026
0.0408 -0.0035565547172
0.04085 -0.00357977365719
0.0409 -0.00360172072064
0.04095 -0.00362238810987
0.041 -0.00364176848185
0.04105 -0.00365985495084
0.0411 -0.00367664109078
0.04115 -0.00369212093765
0.0412 -0.00370628899153
0.04125 -0.00371914021859
0.0413 -0.00373067005283
0.04135 -0.00374087439777
0.0414 -0.00374974962784
0.04145 -0.00375729258973
0.0415 -0.00376350060345
0.04155 -0.00376837146333
0.0416 -0.00377190343876
0.04165 -0.00377409527487
0.0417 -0.0037749461929
0.04175 -0.00377445589052
0.0418 -0.00377262454194
0.04185 -0.00376945279781
0.0419 -0.00376494178506
0.04195 -0.00375909310642
0.042 -0.0037519088399
0.04205 -0.00374339153803
0.0421 -0.00373354422698
0.04215 -0.00372237040544
0.0422 -0.00370987404341
0.04225 -0.00369605958081
0.0423 -0.00368093192583
0.04235 -0.00366449645327
0.0424 -0.00364675900257
0.04245 -0.00362772587576
0.0425 -0.00360740383521
0.04255 -0.00358580010127
0.0426 -0.00356292234962
0.04265 -0.00353877870863
0.0427 -0.00351337775641
0.04275 -0.0034867285178
0.0428 -0.00345884046115
0.04285 -0.00342972349496
0.0429 -0.00339938796434
0.04295 -0.00336784464736
0.043 -0.00333510475122
0.04305 -0.00330117990824
0.0431 -0.00326608217176
0.04315 -0.00322982401183
0.0432 -0.00319241831081
0.04325 -0.00315387835877
0.0433 -0.00311421784876
0.04335 -0.00307345087198
0.0434 -0.00303159191274
0.04345 -0.00298865584333
0.0435 -0.00294465791872
0.04355 -0.00289961377119
0.0436 -0.00285353940468
0.04365 -0.00280645118921
0.0437 -0.002758365855
0.04375 -0.00270930048653
0.0438 -0.0026592725165
0.04385 -0.00260829971961
0.0439 -0.00255640020625
0.04395 -0.00250359241607
0.044 -0.00244989511142
0.04405 -0.00239532737071
0.0441 -0.00233990858158
0.04415 -0.00228365843408
0.0442 -0.00222659691361
0.04425 -0.00216874429386
0.0443 -0.00211012112959
0.04435 -0.00205074824933
0.0444 -0.00199064674798
0.04445 -0.00192983797932
0.0445 -0.00186834354842
0.04455 -0.00180618530395
0.0446 -0.00174338533044
0.04465 -0.00167996594042
0.0447 -0.00161594966651
0.04475 -0.00155135925337
0.0448 -0.00148621764968
0.04485 -0.00142054799993
0.0449 -0.00135437363624
0.04495 -0.00128771807005
0.045 -0.00122060498376
0.04505 -0.00115305822233
0.0451 -0.00108510178481
0.04515 -0.00101675981579
0.0452 -0.000948056596847
0.04525 -0.000879016537909
0.0453 -0.000809664168582
0.04535 -0.00074002412943
0.0454 -0.000670121163229
0.04545 -0.00059998010617
0.0455 -0.000529625879036
0.04555 -0.000459083478349
0.0456 -0.000388377967488
0.04565 -0.000317534467785
0.0457 -0.000246578149597
0.04575 -0.000175534223366
0.0458 -0.000104427930662
0.04585 -3.32845352117e-05
0.0459 3.78706860757e-05
0.04595 0.000109012452089
0.046 0.000180115486497
0.04605 0.00025115452673
0.0461 0.000322104332955
0.04615 0.000392939697045
0.0462 0.000463635451532
0.04625 0.00053416647855
0.0463 0.000604507718762
0.04635 0.00067463418026
0.0464 0.000744520947446
0.04645 0.000814143189885
0.0465 0.000883476171124
0.04655 0.000952495257487
0.0466 0.00102117592682
0.04665 0.00108949377721
0.0467 0.00115742453565
0.04675 0.00122494406666
0.0468 0.00129202838088
0.04685 0.00135865364356
0.0469 0.00142479618308
0.04695 0.00149043249929
0.047 0.00155553927194
0.04705 0.00162009336889
0.0471 0.00168407185438
0.04715 0.00174745199716
0.0472 0.00181021127856
0.04725 0.00187232740052
0.0473 0.00193377829347
0.04735 0.00199454212419
0.0474 0.0020545973036
0.04745 0.00211392249437
0.0475 0.00217249661854
0.04755 0.00223029886501
0.0476 0.00228730869691
0.04765 0.00234350585892
0.0477 0.00239887038447
0.04775 0.00245338260278
0.0478 0.00250702314594
0.04785 0.00255977295571
0.0479 0.00261161329034
0.04795 0.0026625257312
0.048 0.00271249218935
0.04805 0.00276149491194
0.0481 0.00280951648854
0.04815 0.0028565398573
0.0482 0.00290254831106
0.04825 0.00294752550322
0.0483 0.00299145545361
0.04835 0.00303432255411
0.0484 0.00307611157427
0.04845 0.00311680766662
0.0485 0.00315639637206
0.04855 0.00319486362489
0.0486 0.00323219575789
0.04865 0.00326837950713
0.0487 0.00330340201669
0.04875 0.00333725084324
0.0488 0.00336991396046
0.04885 0.0034013797633
0.0489 0.0034316370721
0.04895 0.00346067513659
0.049 0.00348848363969
0.04905 0.00351505270115
0.0491 0.00354037288113
0.04915 0.00356443518349
0.0492 0.00358723105899
0.04925 0.00360875240838
0.0493 0.00362899158522
0.04935 0.00364794139864
0.0494 0.00366559511584
0.04945 0.00368194646456
0.0495 0.00369698963522
0.04955 0.00371071928307
0.0496 0.00372313053004
0.04965 0.00373421896645
0.0497 0.00374398065264
0.04975 0.00375241212034
0.0498 0.00375951037387
0.04985 0.00376527289127
0.0499 0.00376969762515
0.04995 0.0037727830034
0.05 -0.0270433926907
0.05005 -0.026205217928
0.0501 -0.0211976530876
0.05015 -0.0171139879322
0.0502 -0.0111926248256
0.05025 -0.00584381834385
0.0503 -6.1142267634e-05
0.05035 0.00496869355089
0.0504 0.00957610771724
0.05045 0.0131879333782
0.0505 0.0159308670695
0.05055 0.0175794126472
0.0506 0.0182475112333
0.05065 0.0179226087252
0.0507 0.0167621029743
0.05075 0.014878502594
0.0508 0.0124652878233
0.05085 0.00969080217277
0.0509 0.00675202386024
0.05095 0.00381734071764
0.051 0.00105179243668
0.05105 -0.00141628706224
0.0511 -0.00347940514698
0.05115 -0.00507114952838
0.0512 -0.00615175327584
0.05125 -0.00672042521779
0.0513 -0.00679971941934
0.05135 -0.0064431519996
0.0514 -0.00571827890122
0.05145 -0.0047120269089
0.0515 -0.0035134456371
0.05155 -0.00221870901572
0.0516 -0.000914729164069
0.05165 0.000314726416872
0.0517 0.00140363154018
0.05175 0.00229562190463
0.0518 0.00295636474687
0.05185 0.0033632844114
0.0519 0.00351579425706
0.05195 0.0034231207455
0.052 0.00311291225186
0.05205 0.00261781172094
0.0521 0.00198320086856
0.05215 0.00125331974717
0.0522 0.000478945397233
0.05225 -0.000296193681812
0.0523 -0.00102714056887
0.05235 -0.00168045297848
0.0524 -0.0022249145216
0.05245 -0.00264316745833
0.0525 -0.00292129015196
0.05255 -0.00305933650792
0.0526 -0.00305992078654
0.05265 -0.00293790921062
0.0527 -0.00270833774156
0.05275 -0.00239563545685
0.0528 -0.00202128209425
0.05285 -0.00161297159101
0.0529 -0.00119239609618
0.05295 -0.000784694942371
0.053 -0.000406653467003
0.05305 -7.66580771212e-05
0.0531 0.000196543027796
0.05315 0.000403306317142
0.0532 0.000543769448213
0.05325 0.000616802995188
0.0533 0.000630242647425
0.05335 0.000589487307019
0.0534 0.000507477459312
0.05345 0.000393145883034
0.0535 0.000261350986563
0.05355 0.000121379414473
0.0536 -1.2986221581e-05
0.05365 -0.000134761479867
0.0537 -0.000233440496931
0.05375 -0.000306006636019
0.0538 -0.000346318944405
0.05385 -0.000355834026793
0.0539 -0.000332726779117
0.05395 -0.000282380363377
0.054 -0.000206320731683
0.05405 -0.000112570147429
0.0541 -4.49992160984e-06
0.05415 0.000108845904387
0.0542 0.000223877048746
0.05425 0.000332070045887
0.0543 0.000430994672782
0.05435 0.000513801405738
0.0544 0.000580104271072
0.05445 0.000625318645921
0.0545 0.000651395400082
0.05455 0.000656021278813
0.0546 0.00064323156197
0.05465 0.000612512244308
0.0547 0.000569339032149
0.05475 0.0005142342044
0.0548 0.000453286410084
0.05485 0.000387215020378
0.0549 0.000321919059903
0.05495 0.000257590609078
0.055 0.000199325965671
0.05505 0.000146311685043
0.0551 0.000102511644334
0.05515 6.59296716273e-05
0.0552 3.93674674213e-05
0.05525 1.9750943759e-05
0.0553 8.9397831163e-06
0.05535 3.09363226185e-06
0.0554 3.50660950867e-06
0.05545 5.98561640352e-06
0.0555 1.16826798398e-05
0.05555 1.64603642436e-05
0.0556 2.17002381419e-05
0.05565 2.36378887477e-05
0.0557 2.41348061712e-05
0.05575 1.99753361083e-05
0.0558 1.35993015482e-05
0.05585 2.36286268035e-06
0.0559 -1.07620706228e-05
0.05595 -2.79536755481e-05
0.056 -4.58621320897e-05
0.05605 -6.63887057591e-05
0.0561 -8.60148857954e-05
0.05615 -0.000106580815729
0.0562 -0.000124608730323
0.05625 -0.000142069421743
0.0563 -0.000155690758111
0.05635 -0.000167705381495
0.0564 -0.000175140068103
0.05645 -0.000180542972884
0.0565 -0.000181254548027
0.05655 -0.000180117179088
0.0566 -0.000174732267306
0.05665 -0.000168158192157
0.0567 -0.000158160357218
0.05675 -0.000147904675592
0.0568 -0.000135207727322
0.05685 -0.0001232324684
0.0569 -0.000109744418231
0.05695 -9.78144706051e-05
0.057 -8.50847752833e-05
0.05705 -7.44810123812e-05
0.0571 -6.34890205541e-05
0.05715 -5.48763467854e-05
0.0572 -4.59783244401e-05
0.05725 -3.94266747463e-05
0.0573 -3.24421002472e-05
0.05735 -2.75665282657e-05
0.0574 -2.19585739911e-05
0.05745 -1.81257734906e-05
0.0575 -1.32194644803e-05
0.05755 -9.76393320642e-06
0.0576 -4.94815062184e-06
0.05765 -1.34987914259e-06
0.0577 3.77703049026e-06
0.05775 7.7841991225e-06
0.0578 1.33458500051e-05
0.05785 1.77454485574e-05
0.0579 2.3596188483e-05
0.05795 2.81312616052e-05
0.058 3.39259913e-05
0.05805 3.81898882142e-05
0.0581 4.34885686429e-05
0.05815 4.70358229308e-05
0.0582 5.14137268266e-05
0.05825 5.38633844658e-05
0.0583 5.70021998682e-05
0.05835 5.81125958563e-05
0.0584 5.98560886319e-05
0.05845 5.95599542973e-05
0.0585 5.99283769076e-05
0.05855 5.83275875315e-05
0.0586 5.74948111744e-05
0.05865 5.48227438601e-05
0.0587 5.3067241771e-05
0.05875 4.96320967852e-05
0.0588 4.727638972e-05
0.05885 4.34003994099e-05
0.0589 4.07533298851e-05
0.05895 3.67209097224e-05
0.059 3.40338805085e-05
0.05905 3.00574990907e-05
0.0591 2.75008304759e-05
0.05915 2.37080407586e-05
0.0592 2.1368248556e-05
0.05925 1.78082559594e-05
0.0593 1.57025296196e-05
0.05935 1.23668962398e-05
0.0594 1.04681664959e-05
0.05945 7.31832366838e-06
0.0595 5.5833596719e-06
0.05955 2.57758705397e-06
0.0596 9.71393358031e-07
0.05965 -1.91453222634e-06
0.0597 -3.40264626814e-06
0.05975 -6.16444329726e-06
0.0598 -7.51505840987e-06
0.05985 -1.01191623194e-05
0.0599 -1.12865470511e-05
0.05995 -1.36778110383e-05
0.06 -1.46006904287e-05
0.06005 -1.67152881358e-05
0.0601 -1.73309108364e-05
0.06015 -1.9110621429e-05
0.0602 -1.93683911633e-05
0.06025 -2.07728230229e-05
0.0603 -2.06445095301e-05
0.06035 -2.16588628518e-05
0.0604 -2.11436585826e-05
0.06045 -2.17809943906e-05
0.0605 -2.09050778514e-05
0.06055 -2.12034013666e-05
0.0606 -2.00148836035e-05
0.06065 -2.00303839553e-05
0.0607 -1.85913262641e-05
0.06075 -1.8389679305e-05
0.0608 -1.6767180134e-05
0.06085 -1.64148832382e-05
0.0609 -1.46730670576e-05
0.06095 -1.42304135706e-05
0.061 -1.24246365691e-05
0.06105 -1.19413073098e-05
0.0611 -1.01151985285e-05
0.06115 -9.62873109252e-06
0.0612 -7.81399284923e-06
0.06125 -7.35075352432e-06
0.0613 -5.56909786043e-06
0.06135 -5.14694472744e-06
0.0614 -3.41323089869e-06
0.06145 -3.04487477063e-06
0.0615 -1.37045809431e-06
0.06155 -1.06659094131e-06
0.0616 5.37941225415e-07
0.06165 7.66432328709e-07
0.0617 2.28965270207e-06
0.06175 2.43072200996e-06
0.0618 3.86003903443e-06
0.06185 3.90075319502e-06
0.0619 5.22320139053e-06
0.06195 5.15094824488e-06
0.062 6.35469820515e-06
0.06205 6.15887272018e-06
0.0621 7.23496775561e-06
0.06215 6.90864146404e-06
0.0622 7.85249538992e-06
0.06225 7.39365633666e-06
0.0623 8.20597094287e-06
0.06235 7.61807735342e-06
0.0624 8.30501452143e-06
0.06245 7.5967900948e-06
0.0625 8.16941520553e-06
0.06255 7.35398259427e-06
0.0626 7.82714320527e-06
0.06265 6.92071195617e-06
0.0627 7.31160368494e-06
0.06275 6.33198318043e-06
0.0628 6.65867545351e-06
0.06285 5.62387260109e-06
0.0629 5.90402822868e-06
0.06295 4.83112786711e-06
0.063 5.0810712064e-06
0.06305 3.98550667661e-06
0.0631 4.21969943901e-06
0.06315 3.11492570172e-06
0.0632 3.34582026086e-06
0.06325 2.24332299815e-06
0.0633 2.48149774169e-06
0.06335 1.39102247338e-06
0.0634 1.64547140162e-06
0.06345 5.7534145744e-07
0.0635 8.53791297321e-07
0.06355 -1.88800916495e-07
0.0636 1.20354943999e-07
0.06365 -8.88451966708e-07
0.0637 -5.42788023359e-07
0.06375 -1.51245796637e-06
0.0638 -1.12540443932e-06
0.06385 -2.05155782612e-06
0.0639 -1.61927717297e-06
0.06395 -2.49866311773e-06
0.064 -2.01853614362e-06
0.06405 -2.8492087662e-06
0.0641 -2.31999761493e-06
0.06415 -3.10145199101e-06
0.0642 -2.52339752707e-06
0.06425 -3.25661968903e-06
0.0643 -2.63143832816e-06
0.06435 -3.31884626889e-06
0.0644 -2.64961555077e-06
0.06445 -3.29489256636e-06
0.0645 -2.5858378921e-06
0.06455 -3.1936802784e-06
0.0646 -2.44989252018e-06
0.06465 -3.02570686271e-06
0.0647 -2.25282934488e-06
0.06475 -2.80241891412e-06
0.0648 -2.00634219116e-06
0.06485 -2.53561793504e-06
0.0649 -1.72221340921e-06
0.06495 -2.23695500475e-06
0.065 -1.41186654227e-06
0.06505 -1.91754605062e-06
0.0651 -1.08604560273e-06
0.06515 -1.58771361776e-06
0.0652 -7.54615330025e-07
0.06525 -1.2568396271e-06
0.0653 -4.26459042836e-07
0.06535 -9.3330007912e-07
0.0654 -1.09441680377e-07
0.06545 -6.244481651e-07
0.0655 1.89594592362e-07
0.06555 -3.36615838482e-07
0.0656 4.64828070973e-07
0.06565 -7.51131013392e-08
0.0657 7.11463519082e-07
0.06575 1.55784107881e-07
0.0658 9.25749870383e-07
0.06585 3.52855561365e-07
0.0659 1.10500329139e-06
0.06595 5.1395808179e-07
0.066 1.24762333536e-06
0.06605 6.38033001586e-07
0.0661 1.35308840894e-06
0.06615 7.25086770442e-07
0.0662 1.42191926138e-06
0.06625 7.76135799917e-07
0.0663 1.45560446317e-06
0.06635 7.9311267898e-07
0.0664 1.45648825603e-06
0.06645 7.78737278219e-07
0.0665 1.42762714596e-06
0.06655 7.36361548206e-07
0.0666 1.37262595614e-06
0.06665 6.69800053208e-07
0.0667 1.29546609229e-06
0.06675 5.83159102471e-07
0.0668 1.20033843353e-06
0.06685 4.80675952679e-07
0.0669 1.09149098273e-06
0.06695 3.66576579707e-07
0.067 9.73097950823e-07
0.06705 2.44956791379e-07
0.0671 8.49153168805e-07
0.06715 1.19687813103e-07
0.0672 7.23387387819e-07
0.06725 -5.65541693857e-09
0.0673 5.99206667934e-07
0.06735 -1.27846772726e-07
0.0674 4.7964789901e-07
0.06745 -2.44046382068e-07
0.0675 3.67347473921e-07
0.06755 -3.51826634419e-07
0.0676 2.6451995822e-07
0.06765 -4.49189306892e-07
0.0677 1.72944864212e-07
0.06775 -5.34575036041e-07
0.0678 9.3960925367e-08
0.06785 -6.06865195378e-07
0.0679 2.84682459189e-08
0.06795 -6.65375497598e-07
0.068 -2.30608257728e-08
0.06805 -7.09840444587e-07
0.0681 -6.0561324866e-08
0.06815 -7.40388066595e-07
0.0682 -8.43455513052e-08
0.06825 -7.57505082754e-07
0.0683 -9.50637571639e-08
0.06835 -7.6199347007e-07
0.0684 -9.36570498334e-08
0.06845 -7.54920237072e-07
0.0685 -8.1304638096e-08
0.06855 -7.37562789296e-07
0.0686 -5.9367987405e-08
0.06865 -7.11352546186e-07
0.0687 -2.93345510868e-08
0.06875 -6.77819401999e-07
0.0688 7.23647684138e-09
0.06885 -6.38539267345e-07
0.0689 4.87644079901e-08
0.06895 -5.95086380301e-07
0.069 9.3691924745e-08
0.06905 -5.48991454917e-07
0.0691 1.40523799358e-07
0.06915 -5.01706150021e-07
0.0692 1.87859235856e-07
0.06925 -4.54573873911e-07
0.0693 2.3441799451e-07
0.06935 -4.08806632297e-07
0.0694 2.79060683458e-07
0.06945 -3.65467479714e-07
0.0695 3.20803679821e-07
0.06955 -3.25458117287e-07
0.0696 3.58829112015e-07
0.06965 -2.89511242866e-07
0.0697 3.92490252937e-07
0.06975 -2.58187348623e-07
0.0698 4.21312589828e-07
0.06985 -2.31875729951e-07
0.0699 4.44990789993e-07
0.06995 -2.10799488527e-07
0.07 4.63381792326e-07
0.07005 -1.95024272655e-07
0.0701 4.76494321393e-07
0.07015 -1.84470407887e-07
0.0702 4.84475228516e-07
0.07025 -1.78927952291e-07
0.0703 4.87593186766e-07
0.07035 -1.78074091494e-07
0.0704 4.86220376438e-07
0.07045 -1.81492194196e-07
0.0705 4.80812871773e-07
0.07055 -1.88691798637e-07
0.0706 4.71890463764e-07
0.07065 -1.99128803338e-07
0.0707 4.60016624711e-07
0.07075 -2.12225189406e-07
0.0708 4.45779243997e-07
0.07085 -2.27387696316e-07
0.0709 4.29772655266e-07
0.07095 -2.44024993432e-07
0.071 4.12581348643e-07
0.07105 -2.61563017041e-07
0.0711 3.94765636517e-07
0.07115 -2.79458263572e-07
0.0712 3.76849427466e-07
0.07125 -2.9720893277e-07
0.0713 3.59310172352e-07
0.07135 -3.14363894103e-07
0.0714 3.42570977375e-07
0.07145 -3.3052950718e-07
0.0715 3.26994832757e-07
0.07155 -3.45374365104e-07
0.0716 3.1288087363e-07
0.07165 -3.58632055494e-07
0.0717 3.00462568311e-07
0.07175 -3.70102053951e-07
0.0718 2.89907709863e-07
0.07185 -3.79648883405e-07
0.0719 2.81320067166e-07
0.07195 -3.87199694054e-07
0.072 2.74742529493e-07
0.07205 -3.92740441828e-07
0.0721 2.70161554399e-07
0.07215 -3.96310867667e-07
0.0722 2.67512705131e-07
0.07225 -3.97998501839e-07
0.0723 2.66687044418e-07
0.07235 -3.97931933641e-07
0.0724 2.67538138804e-07
0.07245 -3.96273595251e-07
0.0725 2.69889425144e-07
0.07255 -3.9321230549e-07
0.0726 2.73541697846e-07
0.07265 -3.88955807476e-07
0.0727 2.78280493294e-07
0.07275 -3.83723511911e-07
0.0728 2.83883173085e-07
0.07285 -3.77739629061e-07
0.0729 2.90125539035e-07
0.07295 -3.7122684013e-07
0.073 2.96787846597e-07
0.07305 -3.64400623803e-07
0.0731 3.03660117514e-07
0.07315 -3.57464321183e-07
0.0732 3.10546684279e-07
0.07325 -3.50604991593e-07
0.0733 3.17269927699e-07
0.07335 -3.43990084977e-07
0.0734 3.23673193816e-07
0.07345 -3.37764933889e-07
0.0735 3.29622897195e-07
0.07355 -3.32051048566e-07
0.0736 3.3500983575e-07
0.07365 -3.26945182165e-07
0.0737 3.39749757199e-07
0.07375 -3.22519119259e-07
0.0738 3.43783230447e-07
0.07385 -3.18820128352e-07
0.0739 3.4707488664e-07
0.07395 -3.15872008724e-07
0.074 3.49612104158e-07
0.07405 -3.13676652801e-07
0.0741 3.51403220195e-07
0.07415 -3.12216038701e-07
0.0742 3.52475356806e-07
0.07425 -3.11454562549e-07
0.0743 3.52871953274e-07
0.07435 -3.113416184e-07
0.0744 3.52650096773e-07
0.07445 -3.11814334417e-07
0.0745 3.51877741481e-07
0.07455 -3.12800377075e-07
0.0746 3.50630901425e-07
0.07465 -3.14220741816e-07
0.0747 3.48990894945e-07
0.07475 -3.15992456134e-07
0.0748 3.47041709906e-07
0.07485 -3.18031131383e-07
0.0749 3.44867548331e-07
0.07495 -3.20253309823e-07
0.075 3.42550598133e-07
0.07505 -3.22578564881e-07
0.0751 3.40169068639e-07
0.07515 -3.24931323467e-07
0.0752 3.37795515588e-07
0.07525 -3.27242389745e-07
0.0753 3.35495471269e-07
0.07535 -3.29450159582e-07
0.0754 3.33326385946e-07
0.07545 -3.31501523789e-07
0.0755 3.3133687844e-07
0.07555 -3.33352466193e-07
0.0756 3.29566286031e-07
0.07565 -3.34968369752e-07
0.0757 3.28044497631e-07
0.07575 -3.36324049631e-07
0.0758 3.2679204834e-07
0.07585 -3.3740353764e-07
0.0759 3.25820448939e-07
0.07595 -3.38199646202e-07
0.076 3.25132720577e-07
0.07605 -3.38713343343e-07
0.0761 3.24724101698e-07
0.07615 -3.38952972324e-07
0.0762 3.24582893158e-07
0.07625 -3.38933350526e-07
0.0763 3.24691406568e-07
0.07635 -3.3867478257e-07
0.0764 3.25026981328e-07
0.07645 -3.38202021444e-07
0.0765 3.25563037147e-07
0.07655 -3.37543210014e-07
0.0766 3.2627013103e-07
0.07665 -3.36728832796e-07
0.0767 3.2711699024e-07
0.07675 -3.3579070436e-07
0.0768 3.28071496472e-07
0.07685 -3.34761018016e-07
0.0769 3.29101599745e-07
0.07695 -3.3367147358e-07
0.077 3.30176144932e-07
0.07705 -3.32552499903e-07
0.0771 3.31265597424e-07
0.07715 -3.31432583427e-07
0.0772 3.32342658544e-07
0.07725 -3.3033771012e-07
0.0773 3.33382765178e-07
0.07735 -3.2929092482e-07
0.0774 3.34364471449e-07
0.07745 -3.28312008333e-07
0.0775 3.3526971357e-07
0.07755 -3.27417269466e-07
0.0776 3.36083962058e-07
0.07765 -3.26619447013e-07
0.0777 3.36796267661e-07
0.07775 -3.25927713742e-07
0.0778 3.37399209833e-07
0.07785 -3.25347772824e-07
0.0779 3.37888758074e-07
0.07795 -3.24882035797e-07
0.078 3.38264057883e-07
0.07805 -3.24529869579e-07
0.0781 3.38527153817e-07
0.07815 -3.24287899948e-07
0.0782 3.38682662941e-07
0.07825 -3.24150358034e-07
0.0783 3.38737411589e-07
0.07835 -3.24109456944e-07
0.0784 3.38700048553e-07
0.07845 -3.24155785672e-07
0.0785 3.38580647e-07
0.07855 -3.24278708491e-07
0.0786 3.38390306629e-07
0.07865 -3.24466758716e-07
0.0787 3.38140766441e-07
0.07875 -3.24708017011e-07
0.0788 3.37844037302e-07
0.07885 -3.24990466008e-07
0.0789 3.37512062109e-07
0.07895 -3.25302313898e-07
0.079 3.37156409741e-07
0.07905 -3.25632281572e-07
0.0791 3.36788007816e-07
0.07915 -3.2596984931e-07
0.0792 3.36416917291e-07
0.07925 -3.26305460198e-07
0.0793 3.3605215125e-07
0.07935 -3.2663067921e-07
0.0794 3.35701538064e-07
0.07945 -3.26938307754e-07
0.0795 3.35371628706e-07
0.07955 -3.2722245508e-07
0.0796 3.35067646208e-07
0.07965 -3.27478568515e-07
0.0797 3.34793474854e-07
0.07975 -3.27703425747e-07
0.0798 3.34551685586e-07
0.07985 -3.27895092768e-07
0.0799 3.34343593558e-07
0.07995 -3.28052851855e-07
0.08 0.00216860483244
0.08005 -0.0394477110208
0.0801 -0.06515584441
0.08015 -0.0721496641046
0.0802 -0.0621304969557
0.08025 -0.040165779373
0.0803 -0.0130201751852
0.08035 0.0125911819245
0.0804 0.0314382768631
0.08045 0.0406454381903
0.0805 0.0399047086314
0.08055 0.031100310136
0.0806 0.017526280808
0.08065 0.00293552578476
0.0807 -0.00934620868449
0.08075 -0.0170620643495
0.0808 -0.019325526579
0.08085 -0.0165753190296
0.0809 -0.0102530608482
0.08095 -0.00232070422593
0.081 0.00525090614887
0.08105 0.0109073962533
0.0811 0.0137734815833
0.08115 0.0137243635631
0.0812 0.0112834479459
0.08125 0.00739826135095
0.0813 0.00316371109642
0.08135 -0.00043873843552
0.0814 -0.00273262012842
0.08145 -0.00343947198183
0.0815 -0.00267025103421
0.08155 -0.000834478358584
0.0816 0.00149919236035
0.08165 0.00375264018072
0.0817 0.00546422941722
0.08175 0.00636804238491
0.0818 0.0064173908885
0.08185 0.00575713668126
0.0819 0.00465958054672
0.08195 0.00344397506468
0.082 0.0023997875762
0.08205 0.00172957074052
0.0821 0.001520353235
0.08215 0.00174479644332
0.0822 0.00228674734974
0.08225 0.00298149519618
0.0823 0.00365954487661
0.08235 0.00418388840663
0.0824 0.00447387771081
0.08245 0.00451286994648
0.0825 0.00434079303232
0.08255 0.0040358245678
0.0826 0.00369099712718
0.08265 0.00339163393034
0.0827 0.00319832457392
0.08275 0.00313814882733
0.0828 0.00320461682715
0.08285 0.00336483893562
0.0829 0.00357113954506
0.08295 0.00377385268609
0.083 0.00393234437527
0.08305 0.00402219638259
0.0831 0.00403766692394
0.08315 0.00398971167025
0.0832 0.00390075447966
0.08325 0.00379789161433
0.0833 0.00370626040892
0.08335 0.00364397019065
0.0834 0.00361941680132
0.08345 0.00363114816102
0.0835 0.0036698708956
0.08355 0.00372179813981
0.0836 0.00377238781841
0.08365 0.00380960029475
0.0837 0.00382605750656
0.08375 0.0038198282502
0.0838 0.00379390709627
0.08385 0.00375472374941
0.0839 0.00371017022498
0.08395 0.00366765306176
0.084 0.00363258514192
0.08405 0.0036075658263
0.0841 0.00359230729966
0.08415 0.00358419458487
0.0842 0.00357924977411
0.08425 0.00357322357214
0.0843 0.00356255750752
0.08435 0.00354503213474
0.0844 0.00352001585132
0.08445 0.00348832953172
0.0845 0.00345182218428
0.08455 0.00341279860361
0.0846 0.00337344756628
0.08465 0.00333539344414
0.0847 0.00329944642866
0.08475 0.00326557091083
0.0848 0.00323304128362
0.08485 0.00320071941547
0.0849 0.00316737318932
0.08495 0.00313196053834
0.085 0.0030938238302
0.08505 0.00305276821987
0.0851 0.00300902708206
0.08515 0.00296314138335
0.0852 0.00291579374031
0.08525 0.00286764064494
0.0853 0.00281917925194
0.08535 0.00277067142846
0.0854 0.00272213154678
0.08545 0.00267336967739
0.0855 0.00262407136092
0.08555 0.00257389050943
0.0856 0.00252253319785
0.08565 0.00246981589196
0.0857 0.00241568998732
0.08575 0.00236023317648
0.0858 0.00230361520646
0.08585 0.00224604979506
0.0859 0.00218774542617
0.08595 0.0021288657973
0.086 0.00206950676282
0.08605 0.00200969189205
0.0861 0.00194938439307
0.08615 0.00188851002094
0.0862 0.00182698415231
0.08625 0.00176473648544
0.0863 0.00170172846082
0.08635 0.00163796090641
0.0864 0.00157347194378
0.08645 0.00150832727894
0.0865 0.00144260627454
0.08655 0.00137638752247
0.0866 0.00130973710392
0.08665 0.00124270159723
0.0867 0.00117530651887
0.08675 0.001107559596
0.0868 0.00103945733402
0.08685 0.000970992897812
0.0869 0.00090216338405
0.08695 0.000832975023512
0.087 0.000763445548862
0.08705 0.000693603704501
0.0871 0.000623486493705
0.08715 0.000553135142444
0.0872 0.000482590866768
0.08725 0.000411891385902
0.0873 0.000341068800697
0.08735 0.000270149056894
0.0874 0.000199152834027
0.08745 0.000128097421639
0.0875 5.69990075046e-05
0.08755 -1.41251870053e-05
0.0876 -8.52553592969e-05
0.08765 -0.000156368399279
0.0877 -0.000227438001262
0.08775 -0.000298435447683
0.0878 -0.000369330782467
0.08785 -0.000440094056574
0.0879 -0.000510696367374
0.08795 -0.000581110505723
0.088 -0.000651311140983
0.08805 -0.000721274585611
0.0881 -0.000790978264167
0.08815 -0.000860400053696
0.0882 -0.000929517661343
0.08825 -0.000998308168544
0.0883 -0.00106674781302
0.08835 -0.00113481201641
0.0884 -0.00120247561122
0.08845 -0.00126971318579
0.0885 -0.00133649945469
0.08855 -0.00140280957229
0.0886 -0.00146861933367
0.08865 -0.00153390524086
0.0887 -0.0015986444451
0.08875 -0.00166281460067
0.0888 -0.00172639367866
0.08885 -0.00178935978939
0.0889 -0.0018516910519
0.08895 -0.00191336553219
0.089 -0.00197436125333
0.08905 -0.00203465626466
0.0891 -0.00209422874658
0.08915 -0.00215305712397
0.0892 -0.00221112016398
0.08925 -0.00226839704149
0.0893 -0.00232486736514
0.08935 -0.00238051116692
0.0894 -0.00243530886513
0.08945 -0.00248924121492
0.0895 -0.00254228926064
0.08955 -0.0025944343013
0.0896 -0.00264565787599
0.08965 -0.00269594177005
0.0897 -0.00274526803886
0.08975 -0.00279361904212
0.0898 -0.00284097748104
0.08985 -0.00288732643113
0.0899 -0.00293264936562
0.08995 -0.00297693016735
0.09 -0.00302015312981
0.09005 -0.00306230295007
0.0901 -0.00310336471791
0.09015 -0.00314332390502
0.0902 -0.00318216635797
0.09025 -0.00321987829666
0.0903 -0.00325644631885
0.09035 -0.00329185740979
0.0904 -0.00332609895485
0.09045 -0.00335915875307
0.0905 -0.00339102502933
0.09055 -0.00342168644381
0.0906 -0.00345113209791
0.09065 -0.00347935153687
0.0907 -0.00350633474994
0.09075 -0.00353207216914
0.0908 -0.00355655466797
0.09085 -0.00357977356102
0.0909 -0.00360172060502
0.09095 -0.00362238800163
0.091 -0.00364176840153
0.09105 -0.00365985490934
0.0911 -0.00367664108874
0.09115 -0.00369212096705
0.0912 -0.00370628903893
0.09125 -0.00371914026897
0.0913 -0.00373067009312
0.09135 -0.00374087441931
0.0914 -0.00374974962752
0.09145 -0.00375729256969
0.0915 -0.00376350056976
0.09155 -0.00376837142398
0.0916 -0.00377190340167
0.09165 -0.00377409524614
0.0917 -0.00377494617588
0.09175 -0.00377445588553
0.0918 -0.00377262454674
0.09185 -0.00376945280854
0.0919 -0.00376494179733
0.09195 -0.00375909311635
0.092 -0.00375190884488
0.09205 -0.00374339153706
0.0921 -0.0037335442206
0.09215 -0.00372237039536
0.0922 -0.00370987403194
0.09225 -0.00369605957024
0.0923 -0.00368093191797
0.09235 -0.0036644964491
0.0924 -0.0036467590022
0.09245 -0.00362772587855
0.0925 -0.00360740384002
0.09255 -0.00358580010679
0.0926 -0.00356292235468
0.09265 -0.00353877871243
0.0927 -0.0035133777586
0.09275 -0.0034867285185
0.0928 -0.00345884046083
0.09285 -0.00342972349425
0.0929 -0.0033993879639
0.09295 -0.00336784464771
0.093 -0.00333510475263
0.09305 -0.00330117991073
0.0931 -0.00326608217514
0.09315 -0.00322982401576
0.0932 -0.0031924183149
0.09325 -0.00315387836265
0.0933 -0.00311421785218
0.09335 -0.00307345087482
0.0934 -0.00303159191502
0.09345 -0.00298865584518
0.0935 -0.00294465792032
0.09355 -0.00289961377271
0.0936 -0.00285353940628
0.09365 -0.00280645119098
0.0937 -0.00275836585694
0.09375 -0.00270930048859
0.0938 -0.00265927251857
0.09385 -0.00260829972159
0.0939 -0.00255640020803
0.09395 -0.00250359241757
0.094 -0.00244989511262
0.09405 -0.00239532737162
0.0941 -0.00233990858224
0.09415 -0.00228365843454
0.0942 -0.00222659691394
0.09425 -0.00216874429411
0.0943 -0.00211012112978
0.09435 -0.00205074824949
0.0944 -0.00199064674809
0.09445 -0.00192983797936
0.0945 -0.00186834354837
0.09455 -0.00180618530378
0.0946 -0.00174338533015
0.09465 -0.00167996594
0.0947 -0.00161594966597
0.09475 -0.00155135925273
0.0948 -0.00148621764896
0.09485 -0.00142054799917
0.0949 -0.00135437363545
0.09495 -0.00128771806925
0.095 -0.00122060498295
0.09505 -0.00115305822153
0.0951 -0.001085101784
0.09515 -0.00101675981498
0.0952 -0.000948056596028
0.09525 -0.000879016537086
0.0953 -0.000809664167756
0.09535 -0.000740024128607
0.0954 -0.000670121162417
0.09545 -0.000599980105378
0.0955 -0.000529625878273
0.09555 -0.000459083477623
0.0956 -0.000388377966804
0.09565 -0.000317534467146
0.0957 -0.000246578149006
0.09575 -0.000175534222822
0.0958 -0.000104427930164
0.09585 -3.32845347569e-05
0.0959 3.78706864878e-05
0.09595 0.000109012452459
0.096 0.000180115486824
0.09605 0.000251154527015
0.0961 0.000322104333197
0.09615 0.000392939697243
0.0962 0.000463635451686
0.09625 0.000534166478661
0.0963 0.000604507718832
0.09635 0.00067463418029
0.0964 0.000744520947439
0.09645 0.000814143189843
0.0965 0.000883476171052
0.09655 0.000952495257387
0.0966 0.0010211759267
0.09665 0.00108949377706
0.0967 0.00115742453548
0.09675 0.00122494406647
0.0968 0.00129202838067
0.09685 0.00135865364334
0.0969 0.00142479618285
0.09695 0.00149043249905
0.097 0.00155553927169
0.09705 0.00162009336864
0.0971 0.00168407185412
0.09715 0.0017474519969
0.0972 0.00181021127831
0.09725 0.00187232740027
0.0973 0.00193377829322
0.09735 0.00199454212396
0.0974 0.00205459730337
0.09745 0.00211392249415
0.0975 0.00217249661833
0.09755 0.00223029886481
0.0976 0.00228730869673
0.09765 0.00234350585875
0.0977 0.0023988703843
0.09775 0.00245338260263
0.0978 0.00250702314581
0.09785 0.00255977295559
0.0979 0.00261161329024
0.09795 0.00266252573111
0.098 0.00271249218928
0.09805 0.00276149491188
0.0981 0.00280951648849
0.09815 0.00285653985727
0.0982 0.00290254831104
0.09825 0.00294752550322
0.0983 0.00299145545361
0.09835 0.00303432255413
0.0984 0.00307611157429
0.09845 0.00311680766666
0.0985 0.00315639637211
0.09855 0.00319486362495
0.0986 0.00323219575795
0.09865 0.0032683795072
0.0987 0.00330340201677
0.09875 0.00333725084332
0.0988 0.00336991396055
0.09885 0.00340137976339
0.0989 0.00343163707219
0.09895 0.00346067513669
0.099 0.00348848363978
0.09905 0.00351505270125
0.0991 0.00354037288123
0.09915 0.00356443518358
0.0992 0.00358723105909
0.09925 0.00360875240848
0.0993 0.00362899158532
0.09935 0.00364794139873
0.0994 0.00366559511593
0.09945 0.00368194646464
0.0995 0.0036969896353
0.09955 0.00371071928315
0.0996 0.00372313053011
0.09965 0.00373421896651
0.0997 0.0037439806527
0.09975 0.00375241212039
0.0998 0.00375951037392
0.09985 0.00376527289132
0.0999 0.00376969762519
0.09995 0.00377278300344
0.1 0.00377452792986
0.10005 0.00377493178447
0.1001 0.0037739944238
0.10015 0.00377171618087
0.1002 0.00376809786515
0.10025 0.0037631407622
0.1003 0.00375684663326
0.10035 0.00374921771459
0.1004 0.00374025671673
0.10045 0.00372996682346
0.1005 0.00371835169074
0.10055 0.00370541544537
0.1006 0.00369116268354
0.10065 0.00367559846918
0.1007 0.00365872833219
0.10075 0.00364055826644
0.1008 0.00362109472768
0.10085 0.0036003446312
0.1009 0.00357831534942
0.10095 0.00355501470923
0.101 0.00353045098925
0.10105 0.00350463291684
0.1011 0.00347756966504
0.10115 0.0034492708493
0.1012 0.00341974652405
0.10125 0.00338900717914
0.1013 0.00335706373612
0.10135 0.00332392754435
0.1014 0.00328961037694
0.10145 0.00325412442663
0.1015 0.0032174823014
0.10155 0.00317969702003
0.1016 0.00314078200746
0.10165 0.00310075108999
0.1017 0.00305961849042
0.10175 0.00301739882297
0.1018 0.00297410708809
0.10185 0.00292975866712
0.1019 0.00288436931685
0.10195 0.00283795516389
0.102 0.00279053269898
0.10205 0.00274211877109
0.1021 0.00269273058145
0.10215 0.00264238567746
0.1022 0.00259110194642
0.10225 0.0025388976092
0.1023 0.00248579121374
0.10235 0.00243180162851
0.1024 0.00237694803573
0.10245 0.00232124992463
0.1025 0.00226472708449
0.10255 0.0022073995976
0.1026 0.00214928783215
0.10265 0.00209041243496
0.1027 0.00203079432419
0.10275 0.00197045468186
0.1028 0.00190941494637
0.10285 0.00184769680483
0.1029 0.00178532218543
0.10295 0.00172231324955
0.103 0.00165869238397
0.10305 0.00159448219289
0.1031 0.00152970548987
0.10315 0.00146438528978
0.1032 0.00139854480057
0.10325 0.00133220741505
0.1033 0.00126539670258
0.10335 0.00119813640069
0.1034 0.00113045040664
0.10345 0.00106236276894
0.1035 0.00099389767881
0.10355 0.000925079461566
0.1036 0.000855932567994
0.10365 0.000786481565656
0.1037 0.000716751130163
0.10375 0.000646766036406
0.1038 0.000576551149756
0.10385 0.000506131417228
0.1039 0.000435531858617
0.10395 0.000364777557611
0.104 0.000293893652876
0.10405 0.000222905329125
0.1041 0.000151837808172
0.10415 8.07163399687e-05
0.1042 9.56619363438e-06
0.10425 -6.1587351523e-05
0.1043 -0.000132719014988
0.10435 -0.000203803524018
0.1044 -0.000274815622627
0.10445 -0.000345730080554
0.1045 -0.000416521702229
0.10455 -0.000487165335727
0.1046 -0.0005576358817
0.10465 -0.000627908302301
0.1047 -0.000697957630071
0.10475 -0.000767758976818
0.1048 -0.000837287542457
0.10485 -0.000906518623819
0.1049 -0.00097542762343
0.10495 -0.00104399005825
0.105 -0.00111218156838
0.10505 -0.00117997792569
0.1051 -0.00124735504246
0.10515 -0.00131428897992
0.1052 -0.00138075595677
0.10525 -0.0014467323576
0.1053 -0.00151219474131
0.10535 -0.00157711984943
0.1054 -0.00164148461438
0.10545 -0.00170526616766
0.1055 -0.00176844184799
0.10555 -0.00183098920936
0.1056 -0.00189288602897
0.10565 -0.00195411031519
0.1057 -0.00201464031533
0.10575 -0.00207445452335
0.1058 -0.00213353168756
0.10585 -0.00219185081811
0.1059 -0.00224939119451
0.10595 -0.00230613237293
0.106 -0.0023620541935
0.10605 -0.00241713678746
0.1061 -0.00247136058423
0.10615 -0.00252470631835
0.1062 -0.00257715503633
0.10625 -0.00262868810341
0.1063 -0.00267928721012
0.10635 -0.00272893437884
0.1064 -0.00277761197016
0.10645 -0.00282530268919
0.1065 -0.00287198959162
0.10655 -0.00291765608982
0.1066 -0.00296228595871
0.10665 -0.0030058633415
0.1067 -0.00304837275536
0.10675 -0.00308979909689
0.1068 -0.00313012764752
0.10685 -0.0031693440787
0.1069 -0.00320743445702
0.10695 -0.00324438524914
0.107 -0.00328018332664
0.10705 -0.00331481597062
0.1071 -0.00334827087627
0.10715 -0.00338053615723
0.1072 -0.00341160034978
0.10725 -0.00344145241697
0.1073 -0.00347008175251
0.10735 -0.00349747818452
0.1074 -0.00352363197918
0.10745 -0.00354853384419
0.1075 -0.00357217493201
0.10755 -0.00359454684309
0.1076 -0.00361564162879
0.10765 -0.00363545179424
0.1077 -0.00365397030098
0.10775 -0.00367119056947
0.1078 -0.00368710648143
0.10785 -0.00370171238201
0.1079 -0.00371500308181
0.10795 -0.0037269738587
0.108 -0.00373762045953
0.10805 -0.00374693910161
0.1081 -0.00375492647406
0.10815 -0.00376157973902
0.1082 -0.00376689653261
0.10825 -0.0037708749658
0.1083 -0.00377351362506
0.10835 -0.00377481157291
0.1084 -0.00377476834818
0.10845 -0.00377338396622
0.1085 -0.00377065891891
0.10855 -0.00376659417444
0.1086 -0.003761191177
0.10865 -0.00375445184624
0.1087 -0.00374637857662
0.10875 -0.00373697423652
0.1088 -0.00372624216728
0.10885 -0.00371418618193
0.1089 -0.00370081056392
0.10895 -0.00368612006554
0.109 -0.00367011990625
0.10905 -0.00365281577084
0.1091 -0.00363421380737
0.10915 -0.00361432062505
0.1092 -0.00359314329181
0.10925 -0.00357068933188
0.1093 -0.00354696672302
0.10935 -0.00352198389378
0.1094 -0.00349574972043
0.10945 -0.00346827352385
0.1095 -0.00343956506621
0.10955 -0.00340963454747
0.1096 -0.00337849260181
0.10965 -0.00334615029382
0.1097 -0.00331261911456
0.10975 -0.00327791097751
0.1098 -0.00324203821429
0.10985 -0.00320501357033
0.1099 -0.00316685020031
0.10995 -0.0031275616635
0.11 -0.00308716191892
0.11005 -0.00304566532041
0.1101 -0.00300308661151
0.11015 -0.00295944092024
0.1102 -0.0029147437537
0.11025 -0.00286901099258
0.1103 -0.00282225888552
0.11035 -0.00277450404332
0.1104 -0.00272576343304
0.11045 -0.00267605437199
0.1105 -0.00262539452157
0.11055 -0.00257380188097
0.1106 -0.00252129478083
0.11065 -0.00246789187665
0.1107 -0.00241361214223
0.11075 -0.00235847486292
0.1108 -0.00230249962872
0.11085 -0.00224570632736
0.1109 -0.00218811513724
0.11095 -0.00212974652023
0.111 -0.00207062121442
0.11105 -0.00201076022676
0.1111 -0.00195018482556
0.11115 -0.00188891653298
0.1112 -0.00182697711734
0.11125 -0.00176438858544
0.1113 -0.00170117317468
0.11135 -0.00163735334518
0.1114 -0.00157295177184
0.11145 -0.00150799133622
0.1115 -0.00144249511847
0.11155 -0.00137648638906
0.1116 -0.0013099886006
0.11165 -0.00124302537942
0.1117 -0.00117562051725
0.11175 -0.0011077979627
0.1118 -0.00103958181281
0.11185 -0.000970996304455
0.1119 -0.000902065805735
0.11195 -0.00083281480733
0.112 -0.00076326791379
0.11205 -0.000693449834794
0.1121 -0.000623385376373
0.11215 -0.000553099432097
0.1122 -0.000482616974227
0.11225 -0.000411963044843
0.1123 -0.000341162746951
0.11235 -0.00027024123556
0.1124 -0.000199223708744
0.11245 -0.000128135398694
0.1125 -5.70015627459e-05
0.11255 1.41525255856e-05
0.1126 8.53015855921e-05
0.11265 0.000156420338352
0.1127 0.000227483515709
0.11275 0.000298465869257
0.1128 0.000369342179303
0.11285 0.000440087263832
0.1129 0.00051067598745
0.11295 0.000581083270323
0.113 0.000651284097076
0.11305 0.00072125352569
0.1131 0.000790966696362
0.11315 0.000860398840332
0.1132 0.000929525288691
0.11325 0.000998321481142
0.1133 0.00106676297472
0.11335 0.0011348254525
0.1134 0.0012024847322
0.11345 0.00126971677479
0.1135 0.00133649769307
0.11355 0.00140280376007
0.1136 0.00146861141758
0.11365 0.00153389728445
0.1137 0.00159863816491
0.11375 0.00166281105685
0.1138 0.00172639315994
0.11385 0.00178936188375
0.1139 0.00185169485581
0.11395 0.00191336992951
0.114 0.00197436519198
0.11405 0.0020346589719
0.1141 0.00209422984717
0.11415 0.00215305665255
0.1142 0.00221111848715
0.11425 0.00226839472189
0.1143 0.00232486500678
0.11435 0.0023805092782
0.1144 0.00243530776602
0.11445 0.00248924100057
0.1145 0.00254228981966
0.11455 0.00259443537528
0.1146 0.00264565914036
0.11465 0.00269594291534
0.1147 0.00274526883465
0.11475 0.00279361937301
0.1148 0.00284097735171
0.11485 0.00288732594469
0.1149 0.0029326486845
0.11495 0.0029769294682
0.115 0.00302015256304
0.11505 0.00306230261205
0.1151 0.00310336463952
0.11515 0.00314332405632
0.1152 0.00318216666505
0.11525 0.00321987866511
0.1153 0.00325644665761
0.11535 0.00329185765012
0.1154 0.00332609906129
0.11545 0.00335915872529
0.1155 0.0033910248962
0.11555 0.0034216862521
0.1156 0.00345113189918
0.11565 0.00347935137552
0.1157 0.00350633465489
0.11575 0.00353207215025
0.1158 0.00355655471719
0.11585 0.00357977365717
0.1159 0.00360172072063
0.11595 0.00362238810986
0.116 0.00364176848184
0.11605 0.00365985495082
0.1161 0.00367664109076
0.11615 0.00369212093764
0.1162 0.00370628899152
0.11625 0.00371914021857
0.1163 0.00373067005281
0.11635 0.00374087439775
0.1164 0.00374974962783
0.11645 0.00375729258971
0.1165 0.00376350060343
0.11655 0.00376837146331
0.1166 0.00377190343875
0.11665 0.00377409527486
0.1167 0.00377494619289
0.11675 0.00377445589051
0.1168 0.00377262454192
0.11685 0.0037694527978
0.1169 0.00376494178505
0.11695 0.00375909310641
0.117 0.00375190883989
0.11705 0.00374339153802
0.1171 0.00373354422696
0.11715 0.00372237040542
0.1172 0.0037098740434
0.11725 0.00369605958079
0.1173 0.00368093192582
0.11735 0.00366449645326
0.1174 0.00364675900255
0.11745 0.00362772587574
0.1175 0.0036074038352
0.11755 0.00358580010125
0.1176 0.0035629223496
0.11765 0.00353877870861
0.1177 0.00351337775639
0.11775 0.00348672851779
0.1178 0.00345884046114
0.11785 0.00342972349495
0.1179 0.00339938796433
0.11795 0.00336784464735
0.118 0.00333510475121
0.11805 0.00330117990823
0.1181 0.00326608217174
0.11815 0.00322982401182
0.1182 0.0031924183108
0.11825 0.00315387835875
0.1183 0.00311421784875
0.11835 0.00307345087197
0.1184 0.00303159191272
0.11845 0.00298865584331
0.1185 0.00294465791871
0.11855 0.00289961377117
0.1186 0.00285353940467
0.11865 0.0028064511892
0.1187 0.00275836585499
0.11875 0.00270930048652
0.1188 0.00265927251649
0.11885 0.0026082997196
0.1189 0.00255640020624
0.11895 0.00250359241605
0.119 0.00244989511141
0.11905 0.00239532737069
0.1191 0.00233990858157
0.11915 0.00228365843407
0.1192 0.0022265969136
0.11925 0.00216874429385
0.1193 0.00211012112958
0.11935 0.00205074824932
0.1194 0.00199064674797
0.11945 0.00192983797931
0.1195 0.0018683435484
0.11955 0.00180618530393
0.1196 0.00174338533042
0.11965 0.00167996594041
0.1197 0.00161594966649
0.11975 0.00155135925336
0.1198 0.00148621764966
0.11985 0.00142054799992
0.1199 0.00135437363623
0.11995 0.00128771807004
0.12 0.00122060498375
0.12005 0.00115305822232
0.1201 0.0010851017848
0.12015 0.00101675981578
0.1202 0.000948056596833
0.12025 0.000879016537896
0.1203 0.000809664168568
0.12035 0.000740024129417
0.1204 0.000670121163216
0.12045 0.000599980106157
0.1205 0.000529625879022
0.12055 0.000459083478335
0.1206 0.000388377967475
0.12065 0.000317534467771
0.1207 0.000246578149583
0.12075 0.000175534223353
0.1208 0.000104427930649
0.12085 3.32845351983e-05
0.1209 -3.78706860892e-05
0.12095 -0.000109012452102
0.121 -0.00018011548651
0.12105 -0.000251154526743
0.1211 -0.000322104332969
0.12115 -0.000392939697059
0.1212 -0.000463635451545
0.12125 -0.000534166478563
0.1213 -0.000604507718775
0.12135 -0.000674634180273
0.1214 -0.000744520947459
0.12145 -0.000814143189898
0.1215 -0.000883476171138
0.12155 -0.000952495257501
0.1216 -0.00102117592683
0.12165 -0.00108949377722
0.1217 -0.00115742453566
0.12175 -0.00122494406667
0.1218 -0.00129202838089
0.12185 -0.00135865364357
0.1219 -0.00142479618309
0.12195 -0.00149043249931
0.122 -0.00155553927195
0.12205 -0.0016200933689
0.1221 -0.00168407185439
0.12215 -0.00174745199717
0.1222 -0.00181021127857
0.12225 -0.00187232740053
0.1223 -0.00193377829348
0.12235 -0.00199454212421
0.1224 -0.00205459730361
0.12245 -0.00211392249438
0.1225 -0.00217249661856
0.12255 -0.00223029886502
0.1226 -0.00228730869693
0.12265 -0.00234350585894
0.1227 -0.00239887038448
0.12275 -0.00245338260279
0.1228 -0.00250702314595
0.12285 -0.00255977295572
0.1229 -0.00261161329035
0.12295 -0.00266252573122
0.123 -0.00271249218936
0.12305 -0.00276149491195
0.1231 -0.00280951648855
0.12315 -0.00285653985732
0.1232 -0.00290254831107
0.12325 -0.00294752550323
0.1233 -0.00299145545362
0.12335 -0.00303432255413
0.1234 -0.00307611157428
0.12345 -0.00311680766664
0.1235 -0.00315639637207
0.12355 -0.0031948636249
0.1236 -0.0032321957579
0.12365 -0.00326837950714
0.1237 -0.0033034020167
0.12375 -0.00333725084326
0.1238 -0.00336991396048
0.12385 -0.00340137976331
0.1239 -0.00343163707212
0.12395 -0.00346067513661
0.124 -0.0034884836397
0.12405 -0.00351505270117
0.1241 -0.00354037288115
0.12415 -0.0035644351835
0.1242 -0.003587231059
0.12425 -0.00360875240839
0.1243 -0.00362899158524
0.12435 -0.00364794139865
0.1244 -0.00366559511585
0.12445 -0.00368194646457
0.1245 -0.00369698963523
0.12455 -0.00371071928309
0.1246 -0.00372313053005
0.12465 -0.00373421896646
0.1247 -0.00374398065265
0.12475 -0.00375241212035
0.1248 -0.00375951037388
0.12485 -0.00376527289129
0.1249 -0.00376969762516
0.12495 -0.00377278300341
0.125 -0.00377452792983
0.12505 -0.00377493178445
0.1251 -0.00377399442378
0.12515 -0.00377171618086
0.1252 -0.00376809786515
0.12525 -0.0037631407622
0.1253 -0.00375684663326
0.12535 -0.0037492177146
0.1254 -0.00374025671674
0.12545 -0.00372996682347
0.1255 -0.00371835169076
0.12555 -0.00370541544539
0.1256 -0.00369116268356
0.12565 -0.0036755984692
0.1257 -0.00365872833221
0.12575 -0.00364055826647
0.1258 -0.0036210947277
0.12585 -0.00360034463123
0.1259 -0.00357831534945
0.12595 -0.00355501470926
0.126 -0.00353045098928
0.12605 -0.00350463291687
0.1261 -0.00347756966507
0.12615 -0.00344927084933
0.1262 -0.00341974652408
0.12625 -0.00338900717917
0.1263 -0.00335706373615
0.12635 -0.00332392754437
0.1264 -0.00328961037696
0.12645 -0.00325412442665
0.1265 -0.00321748230142
0.12655 -0.00317969702005
0.1266 -0.00314078200747
0.12665 -0.00310075109
0.1267 -0.00305961849044
0.12675 -0.00301739882299
0.1268 -0.0029741070881
0.12685 -0.00292975866713
0.1269 -0.00288436931686
0.12695 -0.0028379551639
0.127 -0.00279053269899
0.12705 -0.00274211877109
0.1271 -0.00269273058145
0.12715 -0.00264238567746
0.1272 -0.00259110194642
0.12725 -0.0025388976092
0.1273 -0.00248579121374
0.12735 -0.0024318016285
0.1274 -0.00237694803573
0.12745 -0.00232124992463
0.1275 -0.00226472708449
0.12755 -0.0022073995976
0.1276 -0.00214928783214
0.12765 -0.00209041243495
0.1277 -0.00203079432418
0.12775 -0.00197045468185
0.1278 -0.00190941494636
0.12785 -0.00184769680483
0.1279 -0.00178532218542
0.12795 -0.00172231324954
0.128 -0.00165869238396
0.12805 -0.00159448219288
0.1281 -0.00152970548987
0.12815 -0.00146438528978
0.1282 -0.00139854480057
0.12825 -0.00133220741505
0.1283 -0.00126539670258
0.12835 -0.00119813640068
0.1284 -0.00113045040663
0.12845 -0.00106236276894
0.1285 -0.000993897678804
0.12855 -0.000925079461561
0.1286 -0.000855932567989
0.12865 -0.000786481565652
0.1287 -0.000716751130159
0.12875 -0.000646766036403
0.1288 -0.000576551149753
0.12885 -0.000506131417225
0.1289 -0.000435531858615
0.12895 -0.00036477755761
0.129 -0.000293893652875
0.12905 -0.000222905329124
0.1291 -0.000151837808172
0.12915 -8.07163399689e-05
0.1292 -9.56619363491e-06
0.12925 6.15873515221e-05
0.1293 0.000132719014986
0.12935 0.000203803524017
0.1294 0.000274815622625
0.12945 0.000345730080552
0.1295 0.000416521702227
0.12955 0.000487165335724
0.1296 0.000557635881698
0.12965 0.000627908302298
0.1297 0.000697957630068
0.12975 0.000767758976815
0.1298 0.000837287542454
0.12985 0.000906518623816
0.1299 0.000975427623427
0.12995 0.00104399005825
0.13 0.00111218156837
0.13005 0.00117997792568
0.1301 0.00124735504245
0.13015 0.00131428897992
0.1302 0.00138075595676
0.13025 0.00144673235759
0.1303 0.00151219474131
0.13035 0.00157711984943
0.1304 0.00164148461438
0.13045 0.00170526616766
0.1305 0.00176844184799
0.13055 0.00183098920935
0.1306 0.00189288602897
0.13065 0.00195411031519
0.1307 0.00201464031533
0.13075 0.00207445452335
0.1308 0.00213353168756
0.13085 0.00219185081811
0.1309 0.00224939119451
0.13095 0.00230613237293
0.131 0.0023620541935
0.13105 0.00241713678746
0.1311 0.00247136058423
0.13115 0.00252470631835
0.1312 0.00257715503633
0.13125 0.00262868810341
0.1313 0.00267928721012
0.13135 0.00272893437884
0.1314 0.00277761197016
0.13145 0.00282530268919
0.1315 0.00287198959162
0.13155 0.00291765608982
0.1316 0.00296228595871
0.13165 0.0030058633415
0.1317 0.00304837275536
0.13175 0.00308979909689
0.1318 0.00313012764752
0.13185 0.0031693440787
0.1319 0.00320743445702
0.13195 0.00324438524914
0.132 0.00328018332664
0.13205 0.00331481597062
0.1321 0.00334827087627
0.13215 0.00338053615723
0.1322 0.00341160034978
0.13225 0.00344145241697
0.1323 0.00347008175251
0.13235 0.00349747818452
0.1324 0.00352363197918
0.13245 0.00354853384419
0.1325 0.00357217493201
0.13255 0.00359454684309
0.1326 0.0036156416288
0.13265 0.00363545179424
0.1327 0.00365397030098
0.13275 0.00367119056947
0.1328 0.00368710648143
0.13285 0.00370171238201
0.1329 0.00371500308181
0.13295 0.0037269738587
0.133 0.00373762045953
0.13305 0.00374693910161
0.1331 0.00375492647406
0.13315 0.00376157973902
0.1332 0.00376689653261
0.13325 0.0037708749658
0.1333 0.00377351362506
0.13335 0.00377481157291
0.1334 0.00377476834817
0.13345 0.00377338396622
0.1335 0.00377065891891
0.13355 0.00376659417444
0.1336 0.003761191177
0.13365 0.00375445184624
0.1337 0.00374637857661
0.13375 0.00373697423652
0.1338 0.00372624216728
0.13385 0.00371418618193
0.1339 0.00370081056392
0.13395 0.00368612006554
0.134 0.00367011990625
0.13405 0.00365281577084
0.1341 0.00363421380737
0.13415 0.00361432062505
0.1342 0.00359314329181
0.13425 0.00357068933188
0.1343 0.00354696672302
0.13435 0.00352198389378
0.1344 0.00349574972043
0.13445 0.00346827352385
0.1345 0.00343956506621
0.13455 0.00340963454747
0.1346 0.00337849260181
0.13465 0.00334615029382
0.1347 0.00331261911456
0.13475 0.00327791097751
0.1348 0.00324203821429
0.13485 0.00320501357033
0.1349 0.00316685020031
0.13495 0.0031275616635
0.135 0.00308716191892
0.13505 0.00304566532041
0.1351 0.00300308661151
0.13515 0.00295944092024
0.1352 0.0029147437537
0.13525 0.00286901099258
0.1353 0.00282225888552
0.13535 0.00277450404332
0.1354 0.00272576343304
0.13545 0.00267605437199
0.1355 0.00262539452157
0.13555 0.00257380188097
0.1356 0.00252129478083
0.13565 0.00246789187665
0.1357 0.00241361214223
0.13575 0.00235847486292
0.1358 0.00230249962872
0.13585 0.00224570632736
0.1359 0.00218811513724
0.13595 0.00212974652023
0.136 0.00207062121442
0.13605 0.00201076022676
0.1361 0.00195018482556
0.13615 0.00188891653298
0.1362 0.00182697711734
0.13625 0.00176438858544
0.1363 0.00170117317468
0.13635 0.00163735334518
0.1364 0.00157295177184
0.13645 0.00150799133622
0.1365 0.00144249511847
0.13655 0.00137648638906
0.1366 0.0013099886006
0.13665 0.00124302537942
0.1367 0.00117562051725
0.13675 0.0011077979627
0.1368 0.00103958181281
0.13685 0.000970996304454
0.1369 0.000902065805735
0.13695 0.00083281480733
0.137 0.000763267913789
0.13705 0.000693449834793
0.1371 0.000623385376373
0.13715 0.000553099432097
0.1372 0.000482616974226
0.13725 0.000411963044843
0.1373 0.000341162746951
0.13735 0.000270241235559
0.1374 0.000199223708744
0.13745 0.000128135398693
0.1375 5.70015627455e-05
0.13755 -1.4152525586e-05
0.1376 -8.53015855926e-05
0.13765 -0.000156420338352
0.1377 -0.00022748351571
0.13775 -0.000298465869258
0.1378 -0.000369342179304
0.13785 -0.000440087263832
0.1379 -0.000510675987451
0.13795 -0.000581083270323
0.138 -0.000651284097076
0.13805 -0.000721253525691
0.1381 -0.000790966696362
0.13815 -0.000860398840332
0.1382 -0.000929525288692
0.13825 -0.000998321481142
0.1383 -0.00106676297472
0.13835 -0.0011348254525
0.1384 -0.0012024847322
0.13845 -0.00126971677479
0.1385 -0.00133649769307
0.13855 -0.00140280376007
0.1386 -0.00146861141758
0.13865 -0.00153389728445
0.1387 -0.00159863816491
0.13875 -0.00166281105685
0.1388 -0.00172639315994
0.13885 -0.00178936188375
0.1389 -0.00185169485581
0.13895 -0.00191336992951
0.139 -0.00197436519198
0.13905 -0.0020346589719
0.1391 -0.00209422984717
0.13915 -0.00215305665255
0.1392 -0.00221111848715
0.13925 -0.00226839472189
0.1393 -0.00232486500678
0.13935 -0.0023805092782
0.1394 -0.00243530776602
0.13945 -0.00248924100057
0.1395 -0.00254228981966
0.13955 -0.00259443537528
0.1396 -0.00264565914036
0.13965 -0.00269594291534
0.1397 -0.00274526883465
0.13975 -0.00279361937301
0.1398 -0.00284097735171
0.13985 -0.00288732594469
0.1399 -0.0029326486845
0.13995 -0.0029769294682
0.14 -0.00302015256304
0.14005 -0.00306230261205
0.1401 -0.00310336463953
0.14015 -0.00314332405632
0.1402 -0.00318216666505
0.14025 -0.00321987866511
0.1403 -0.00325644665761
0.14035 -0.00329185765012
0.1404 -0.00332609906129
0.14045 -0.00335915872529
0.1405 -0.0033910248962
0.14055 -0.0034216862521
0.1406 -0.00345113189918
0.14065 -0.00347935137552
0.1407 -0.00350633465489
0.14075 -0.00353207215025
0.1408 -0.00355655471719
0.14085 -0.00357977365718
0.1409 -0.00360172072063
0.14095 -0.00362238810986
0.141 -0.00364176848184
0.14105 -0.00365985495082
0.1411 -0.00367664109077
0.14115 -0.00369212093764
0.1412 -0.00370628899152
0.14125 -0.00371914021857
0.1413 -0.00373067005281
0.14135 -0.00374087439775
0.1414 -0.00374974962783
0.14145 -0.00375729258971
0.1415 -0.00376350060343
0.14155 -0.00376837146331
0.1416 -0.00377190343875
0.14165 -0.00377409527486
0.1417 -0.00377494619289
0.14175 -0.00377445589051
0.1418 -0.00377262454192
0.14185 -0.0037694527978
0.1419 -0.00376494178505
0.14195 -0.00375909310641
0.142 -0.00375190883989
0.14205 -0.00374339153802
0.1421 -0.00373354422696
0.14215 -0.00372237040542
0.1422 -0.0037098740434
0.14225 -0.00369605958079
0.1423 -0.00368093192582
0.14235 -0.00366449645326
0.1424 -0.00364675900255
0.14245 -0.00362772587574
0.1425 -0.0036074038352
0.14255 -0.00358580010125
0.1426 -0.00356292234961
0.14265 -0.00353877870861
0.1427 -0.00351337775639
0.14275 -0.00348672851779
0.1428 -0.00345884046114
0.14285 -0.00342972349495
0.1429 -0.00339938796433
0.14295 -0.00336784464735
0.143 -0.00333510475121
0.14305 -0.00330117990823
0.1431 -0.00326608217174
0.14315 -0.00322982401182
0.1432 -0.0031924183108
0.14325 -0.00315387835875
0.1433 -0.00311421784875
0.14335 -0.00307345087197
0.1434 -0.00303159191272
0.14345 -0.00298865584331
0.1435 -0.00294465791871
0.14355 -0.00289961377117
0.1436 -0.00285353940467
0.14365 -0.0028064511892
0.1437 -0.00275836585499
0.14375 -0.00270930048652
0.1438 -0.00265927251649
0.14385 -0.0026082997196
0.1439 -0.00255640020624
0.14395 -0.00250359241605
0.144 -0.00244989511141
0.14405 -0.00239532737069
0.1441 -0.00233990858157
0.14415 -0.00228365843407
0.1442 -0.0022265969136
0.14425 -0.00216874429385
0.1443 -0.00211012112958
0.14435 -0.00205074824932
0.1444 -0.00199064674797
0.14445 -0.00192983797931
0.1445 -0.0018683435484
0.14455 -0.00180618530393
0.1446 -0.00174338533042
0.14465 -0.00167996594041
0.1447 -0.00161594966649
0.14475 -0.00155135925336
0.1448 -0.00148621764966
0.14485 -0.00142054799992
0.1449 -0.00135437363623
0.14495 -0.00128771807004
0.145 -0.00122060498375
0.14505 -0.00115305822232
0.1451 -0.0010851017848
0.14515 -0.00101675981578
0.1452 -0.000948056596833
0.14525 -0.000879016537896
0.1453 -0.000809664168568
0.14535 -0.000740024129417
0.1454 -0.000670121163216
0.14545 -0.000599980106157
0.1455 -0.000529625879023
0.14555 -0.000459083478336
0.1456 -0.000388377967475
0.14565 -0.000317534467771
0.1457 -0.000246578149583
0.14575 -0.000175534223353
0.1458 -0.000104427930649
0.14585 -3.32845351985e-05
0.1459 3.7870686089e-05
0.14595 0.000109012452102
0.146 0.00018011548651
0.14605 0.000251154526743
0.1461 0.000322104332969
0.14615 0.000392939697058
0.1462 0.000463635451545
0.14625 0.000534166478563
0.1463 0.000604507718775
0.14635 0.000674634180273
0.1464 0.000744520947459
0.14645 0.000814143189898
0.1465 0.000883476171137
0.14655 0.0009524952575
0.1466 0.00102117592683
0.14665 0.00108949377722
0.1467 0.00115742453566
0.14675 0.00122494406667
0.1468 0.00129202838089
0.14685 0.00135865364357
0.1469 0.00142479618309
0.14695 0.00149043249931
0.147 0.00155553927195
0.14705 0.0016200933689
0.1471 0.00168407185439
0.14715 0.00174745199717
0.1472 0.00181021127857
0.14725 0.00187232740053
0.1473 0.00193377829348
0.14735 0.00199454212421
0.1474 0.00205459730361
0.14745 0.00211392249438
0.1475 0.00217249661855
0.14755 0.00223029886502
0.1476 0.00228730869692
0.14765 0.00234350585894
0.1477 0.00239887038448
0.14775 0.00245338260279
0.1478 0.00250702314595
0.14785 0.00255977295572
0.1479 0.00261161329035
0.14795 0.00266252573121
0.148 0.00271249218936
0.14805 0.00276149491195
0.1481 0.00280951648855
0.14815 0.00285653985732
0.1482 0.00290254831107
0.14825 0.00294752550323
0.1483 0.00299145545362
0.14835 0.00303432255413
0.1484 0.00307611157428
0.14845 0.00311680766664
0.1485 0.00315639637207
0.14855 0.0031948636249
0.1486 0.0032321957579
0.14865 0.00326837950714
0.1487 0.0033034020167
0.14875 0.00333725084326
0.1488 0.00336991396048
0.14885 0.00340137976331
0.1489 0.00343163707211
0.14895 0.00346067513661
0.149 0.0034884836397
0.14905 0.00351505270117
0.1491 0.00354037288115
0.14915 0.0035644351835
0.1492 0.003587231059
0.14925 0.00360875240839
0.1493 0.00362899158524
0.14935 0.00364794139865
0.1494 0.00366559511585
0.14945 0.00368194646457
0.1495 0.00369698963523
0.14955 0.00371071928309
0.1496 0.00372313053005
0.14965 0.00373421896646
0.1497 0.00374398065265
0.14975 0.00375241212035
0.1498 0.00375951037388
0.14985 0.00376527289129
0.1499 0.00376969762516
0.14995 0.00377278300341
0.15 0.00377452792983
0.15005 0.00377452792983

