0 1.99996 99.9979 24.9999 99.9984 0
1e-05 1.99988 99.994 24.9996 99.9955 499.987
2e-05 1.9998 99.9899 24.9994 99.9924 1499.94
3e-05 1.99972 99.986 24.9991 99.9895 2499.84
4e-05 1.99964 99.9819 24.9989 99.9864 3499.69
5e-05 1.99956 99.978 24.9986 99.9835 4499.49
6e-05 1.99948 99.9739 24.9984 99.9804 5499.24
7e-05 1.9994 99.97 24.9981 99.9775 6498.93
8e-05 1.99932 99.9659 24.9979 99.9744 7498.58
9e-05 1.99924 99.962 24.9976 99.9715 8498.18
0.0001 1.99916 99.9579 24.9974 99.9684 9497.73
0.00011 1.99908 99.954 24.9971 99.9655 10497.2
0.00012 1.999 99.9499 24.9969 99.9624 11496.7
0.00013 1.99892 99.946 24.9966 99.9595 12496.1
0.00014 1.99884 99.9419 24.9964 99.9564 13495.4
0.00015 1.99876 99.938 24.9961 99.9535 14494.7
0.00016 1.99868 99.934 24.9959 99.9504 15494
0.00017 1.9986 99.93 24.9956 99.9475 16493.2
0.00018 1.99852 99.926 24.9954 99.9444 17492.3
0.00019 1.99844 99.922 24.9951 99.9415 18491.4
0.0002 1.99836 99.918 24.9949 99.9384 19490.5
0.00021 1.99828 99.914 24.9946 99.9355 20489.5
0.00022 1.9982 99.91 24.9944 99.9324 21488.4
0.00023 1.99812 99.9061 24.9941 99.9295 22487.3
0.00024 1.99804 99.902 24.9939 99.9264 23486.2
0.00025 1.99796 99.8981 24.9936 99.9236 24485
0.00026 1.99788 99.894 24.9934 99.9204 25483.7
0.00027 1.9978 99.8901 24.9931 99.9176 26482.4
0.00028 1.99772 99.886 24.9929 99.9144 27481.1
0.00029 1.99764 99.8821 24.9926 99.9116 28479.7
0.0003 1.99756 99.878 24.9924 99.9085 29478.2
0.00031 1.99748 99.8741 24.9921 99.9056 30476.7
0.00032 1.9974 99.87 24.9919 99.9025 31475.2
0.00033 1.99732 99.8661 24.9916 99.8996 32473.6
0.00034 1.99724 99.862 24.9914 99.8965 33471.9
0.00035 1.99716 99.8581 24.9911 99.8936 34470.2
0.00036 1.99708 99.8541 24.9909 99.8905 35468.5
0.00037 1.997 99.8501 24.9906 99.8876 36466.7
0.00038 1.99692 99.8461 24.9904 99.8845 37464.8
0.00039 1.99684 99.8422 24.9901 99.8816 38462.9
0.0004 1.99676 99.8381 24.9899 99.8785 39461
0.00041 1.99668 99.8342 24.9896 99.8756 40459
0.00042 1.9966 99.8301 24.9894 99.8725 41456.9
0.00043 1.99652 99.8262 24.9891 99.8696 42454.8
0.00044 1.99644 99.8221 24.9889 99.8665 43452.7
0.00045 1.99636 99.8182 24.9886 99.8636 44450.5
0.00046 1.99628 99.8141 24.9884 99.8605 45448.3
0.00047 1.9962 99.8102 24.9881 99.8577 46446
0.00048 1.99612 99.8062 24.9879 99.8545 47443.6
0.00049 1.99604 99.8022 24.9876 99.8517 48441.2
0.0005 1.99596 99.7982 24.9874 99.8486 49438.8
0.00051 1.99589 99.7943 24.9871 99.8457 50436.3
0.00052 1.9958 99.7902 24.9869 99.8426 51433.7
0.00053 1.99573 99.7863 24.9866 99.8397 52431.1
0.00054 1.99564 99.7822 24.9864 99.8366 53428.5
0.00055 1.99557 99.7783 24.9861 99.8337 54425.8
0.00056 1.99548 99.7742 24.9859 99.8306 55423
0.00057 1.99541 99.7703 24.9856 99.8277 56420.2
0.00058 1.99533 99.7663 24.9854 99.8246 57417.4
0.00059 1.99525 99.7624 24.9851 99.8217 58414.5
0.0006 1.99517 99.7583 24.9849 99.8186 59411.5
0.00061 1.99509 99.7544 24.9846 99.8158 60408.5
0.00062 1.99501 99.7503 24.9844 99.8126 61405.5
0.00063 1.99493 99.7464 24.9841 99.8098 62402.4
0.00064 1.99485 99.7423 24.9839 99.8067 63399.3
0.00065 1.99477 99.7384 24.9836 99.8038 64396.1
0.00066 1.99469 99.7344 24.9834 99.8007 65392.8
0.00067 1.99461 99.7305 24.9831 99.7978 66389.5
0.00068 1.99453 99.7264 24.9829 99.7947 67386.2
0.00069 1.99445 99.7225 24.9826 99.7918 68382.8
0.0007 1.99437 99.7184 24.9824 99.7887 69379.3
0.00071 1.99429 99.7145 24.9821 99.7858 70375.8
0.00072 1.99421 99.7104 24.9819 99.7827 71372.3
0.00073 1.99413 99.7065 24.9816 99.7799 72368.7
0.00074 1.99405 99.7025 24.9814 99.7768 73365.1
0.00075 1.99397 99.6986 24.9811 99.7739 74361.4
0.00076 1.99389 99.6945 24.9809 99.7708 75357.6
0.00077 1.99381 99.6906 24.9806 99.7679 76353.8
0.00078 1.99373 99.6865 24.9804 99.7648 77350
0.00079 1.99365 99.6826 24.9801 99.7619 78346.1
0.0008 1.99357 99.6786 24.9799 99.7588 79342.1
0.00081 1.99349 99.6747 24.9796 99.7559 80338.1
0.00082 1.99341 99.6706 24.9794 99.7528 81334.1
0.00083 1.99333 99.6667 24.9791 99.75 82330
0.00084 1.99325 99.6626 24.9789 99.7469 83325.9
0.00085 1.99317 99.6587 24.9786 99.744 84321.7
0.00086 1.99309 99.6547 24.9784 99.7409 85317.4
0.00087 1.99302 99.6508 24.9781 99.738 86313.1
0.00088 1.99293 99.6467 24.9779 99.7349 87308.8
0.00089 1.99286 99.6428 24.9777 99.732 88304.4
0.0009 1.99277 99.6387 24.9774 99.7289 89300
0.00091 1.9927 99.6348 24.9772 99.7261 90295.5
0.00092 1.99262 99.6308 24.9769 99.723 91290.9
0.00093 1.99254 99.6269 24.9767 99.7201 92286.3
0.00094 1.99246 99.6228 24.9764 99.717 93281.7
0.00095 1.99238 99.6189 24.9762 99.7141 94277
0.00096 1.9923 99.6149 24.9759 99.711 95272.3
0.00097 1.99222 99.611 24.9757 99.7081 96267.5
0.00098 1.99214 99.6069 24.9754 99.705 97262.6
0.00099 1.99206 99.603 24.9752 99.7022 98257.8
0.001 1.99958 99.9789 -4575.7 -18302.8 99252.8
0.00101 2.00061 100.031 3484.25 13937 8236.2
0.00102 1.9993 99.9651 -1981.49 -7925.95 -13592.7
0.00103 2.00067 100.034 325.732 1302.93 16462.5
0.00104 1.99945 99.9725 1225.93 4903.73 -16652.6
0.00105 2.00036 100.018 -2455.29 -9821.15 14380.7
0.00106 1.99987 99.9934 3211.45 12845.8 -10206.4
0.00107 1.99991 99.9953 -3426.83 -13707.3 4916.86
0.00108 2.00028 100.014 3119.43 12477.7 609.146
0.00109 1.99958 99.9792 -2382.34 -9529.36 -5538.76
0.0011 2.00047 100.024 1363.17 5452.68 9203.09
0.00111 1.99954 99.9771 -237.402 -949.607 -11180.3
0.00112 2.00038 100.019 -819.931 -3279.72 11335
0.00113 1.99975 99.9877 1659.9 6639.61 -9811.66
0.00114 2.00009 100.005 -2179.16 -8716.63 6987.82
0.00115 2.00006 100.003 2330.9 9323.6 -3397.31
0.00116 1.99981 99.9904 -2126.57 -8506.27 -362.471
0.00117 2.00028 100.014 1628.83 6515.31 3724.11
0.00118 1.99968 99.9839 -937.656 -3750.62 -6230.69
0.00119 2.00031 100.016 172.259 689.036 7592.7
0.0012 1.99974 99.9871 548.203 2192.81 -7715.24
0.00121 2.00017 100.008 -1122.1 -4488.39 6694.02
0.00122 1.99994 99.9968 1478.63 5914.52 -4783.89
0.00123 1.99996 99.998 -1585.4 -6341.62 2346.77
0.00124 2.00013 100.006 1449.66 5798.66 211.232
0.00125 1.99981 99.9904 -1113.58 -4454.34 -2503.55
0.00126 2.00022 100.011 644.874 2579.5 4218.07
0.00127 1.99979 99.9894 -124.505 -498.02 -5156.12
0.00128 2.00018 100.009 -366.399 -1465.6 5251.26
0.00129 1.99988 99.9942 758.483 3033.93 -4566.84
0.0013 2.00004 100.002 -1003.26 -4013.03 3274.85
0.00131 2.00003 100.001 1078.31 4313.24 -1620.68
0.00132 1.99991 99.9956 -988.192 -3952.77 -119.628
0.00133 2.00013 100.006 761.286 3045.15 1682.71
0.00134 1.99985 99.9925 -443.45 -1773.8 -2855.39
0.00135 2.00014 100.007 89.6789 358.716 3501.34
0.00136 1.99988 99.994 244.799 979.198 -3574.08
0.00137 2.00008 100.004 -512.658 -2050.63 3115.5
0.00138 1.99997 99.9984 680.689 2722.76 -2241.68
0.00139 1.99998 99.9991 -733.387 -2933.55 1118.97
0.0014 2.00006 100.003 673.597 2694.39 64.9933
0.00141 1.99991 99.9956 -520.416 -2081.67 -1130.79
0.00142 2.0001 100.005 304.897 1219.59 1932.82
0.00143 1.9999 99.9951 -64.3954 -257.582 -2377.55
0.00144 2.00008 100.004 -163.495 -653.979 2432.49
0.00145 1.99995 99.9973 346.478 1385.91 -2125.32
0.00146 2.00002 100.001 -461.815 -1847.26 1534.36
0.00147 2.00001 100.001 498.781 1995.12 -772.385
0.00148 1.99996 99.998 -459.14 -1836.56 -33.057
0.00149 2.00006 100.003 355.739 1422.96 759.753
0.0015 1.99993 99.9965 -209.606 -838.426 -1308.26
0.00151 2.00007 100.003 46.1124 184.45 1614.4
0.00152 1.99994 99.9972 109.151 436.603 -1655.48
0.00153 2.00004 100.002 -234.147 -936.59 1449.79
0.00154 1.99998 99.9992 313.306 1253.23 -1050.15
0.00155 1.99999 99.9996 -339.213 -1356.85 533.029
0.00156 2.00003 100.001 312.95 1251.8 14.8925
0.00157 1.99996 99.998 -243.159 -972.636 -510.36
0.00158 2.00005 100.002 144.078 576.311 885.456
0.00159 1.99995 99.9977 -32.9377 -131.751 -1096.16
0.0016 2.00004 100.002 -72.8408 -291.363 1126.64
0.00161 1.99997 99.9987 158.223 632.891 -988.936
0.00162 2.00001 100.001 -212.546 -850.184 718.703
0.00163 2 100 230.686 922.744 -367.765
0.00164 1.99998 99.9991 -213.3 -853.199 -4.96027
0.00165 2.00003 100.001 166.198 664.794 342.762
0.00166 1.99997 99.9984 -99.0223 -396.089 -599.26
0.00167 2.00003 100.002 23.4739 93.8955 744.26
0.00168 1.99997 99.9987 48.5892 194.357 -766.709
0.00169 2.00002 100.001 -106.909 -427.634 674.554
0.0017 1.99999 99.9996 144.184 576.738 -491.836
0.00171 2 99.9998 -156.876 -627.504 253.686
0.00172 2.00001 100.001 145.375 581.502 -0.145714
0.00173 1.99998 99.9991 -113.59 -454.362 -230.155
0.00174 2.00002 100.001 68.0477 272.191 405.543
0.00175 1.99998 99.9989 -16.6946 -66.7786 -505.31
0.00176 2.00002 100.001 -32.3977 -129.591 521.751
0.00177 1.99999 99.9994 72.2305 288.922 -460.097
0.00178 2 100 -97.8063 -391.225 336.561
0.00179 2 100 106.679 426.715 -174.956
0.0018 1.99999 99.9996 -99.078 -396.312 2.49537
0.00181 2.00001 100.001 77.631 310.524 154.509
0.00182 1.99999 99.9993 -46.7562 -187.025 -274.43
0.00183 2.00001 100.001 11.8508 47.4032 343.065
0.00184 1.99999 99.9994 21.5919 86.3676 -355.045
0.00185 2.00001 100 -48.7969 -195.188 313.809
0.00186 2 99.9998 66.3433 265.373 -230.293
0.00187 2 99.9999 -72.5414 -290.166 120.635
0.00188 2.00001 100 67.5226 270.09 -3.32872
0.00189 1.99999 99.9996 -53.0526 -212.211 -103.704
0.0019 2.00001 100 32.1227 128.491 185.694
0.00191 1.99999 99.9995 -8.39772 -33.5909 -232.904
0.00192 2.00001 100 -14.3834 -57.5334 241.596
0.00193 1.99999 99.9997 32.9631 131.852 -214.026
0.00194 2 100 -44.9996 -179.999 157.569
0.00195 2 100 49.3265 197.306 -83.1625
0.00196 2 99.9998 -46.0157 -184.063 3.37478
0.00197 2.00001 100 36.2542 145.017 69.5883
0.00198 1.99999 99.9996 -22.0664 -88.2658 -125.643
0.00199 2.00001 100 5.94126 23.765 158.111
0.002 1.99999 99.9997 9.57666 38.3067 -164.392
0.00201 2 100 -22.2652 -89.0607 145.966
0.00202 2 99.9999 30.5213 122.085 -107.804
0.00203 2 100 -33.5398 -134.159 57.3189
0.00204 2 100 31.3581 125.432 -3.05156
0.00205 2 99.9998 -24.7735 -99.0942 -46.6851
0.00206 2 100 15.1566 60.6264 85.0058
0.00207 2 99.9998 -4.19711 -16.7885 -107.333
0.00208 2 100 -6.37298 -25.4919 111.856
0.00209 2 99.9999 15.0379 60.1515 -99.5457
0.0021 2 100 -20.7004 -82.8016 73.7521
0.00211 2 100 22.8048 91.2194 -39.499
0.00212 2 99.9999 -21.3687 -85.4749 2.59033
0.00213 2 100 16.9277 67.7107 31.3124
0.00214 2 99.9998 -10.4093 -41.637 -57.5085
0.00215 2 100 2.96091 11.8436 72.8596
0.00216 2 99.9999 4.23873 16.9549 -76.1074
0.00217 2 100 -10.1556 -40.6226 67.8855
0.00218 2 99.9999 14.039 56.156 -50.4531
0.00219 2 100 -15.5053 -62.0212 27.214
0.0022 2 100 14.5611 58.2443 -2.11228
0.00221 2 99.9999 -11.5661 -46.2643 -20.9966
0.00222 2 100 7.14806 28.5923 38.9033
0.00223 2 99.9999 -2.08613 -8.34453 -49.4566
0.00224 2 100 -2.81762 -11.2705 51.782
0.00225 2 99.9999 6.85789 27.4316 -46.2931
0.00226 2 100 -9.52082 -38.0833 34.5124
0.00227 2 100 10.5419 42.1676 -18.7465
0.00228 2 99.9999 -9.92187 -39.6875 1.67524
0.00229 2 100 7.9023 31.6092 14.0758
0.0023 2 99.9999 -4.90804 -19.6322 -26.3155
0.00231 2 100 1.46805 5.87219 33.5695
0.00232 2 99.9999 1.87185 7.4874 -35.2304
0.00233 2 100 -4.63056 -18.5222 31.5675
0.00234 2 100 6.45646 25.8259 -23.6069
0.00235 2 100 -7.16711 -28.6685 12.9113
0.00236 2 100 6.76052 27.0421 -1.30182
0.00237 2 99.9999 -5.39885 -21.5954 -9.4337
0.00238 2 100 3.36962 13.4785 17.7995
0.00239 2 99.9999 -1.03193 -4.12773 -22.7851
0.0024 2 100 -1.24276 -4.97104 23.9686
0.00241 2 100 3.12634 12.5054 -21.5253
0.00242 2 100 -4.3782 -17.5128 16.1464
0.00243 2 100 4.87254 19.4902 -8.89092
0.00244 2 100 -4.60629 -18.4252 0.995973
0.00245 2 100 3.68832 14.7533 6.32085
0.00246 2 100 -2.31316 -9.25265 -12.0386
0.00247 2 100 0.724619 2.89848 15.4646
0.00248 2 100 0.824555 3.29822 -16.3063
0.00249 2 100 -2.11056 -8.44225 14.6772
0.0025 2 100 2.96878 11.8751 -11.0431
0.00251 2 100 -3.31248 -13.2499 6.12137
0.00252 2 100 3.13841 12.5537 -0.75266
0.00253 2 100 -2.51963 -10.0785 -4.23399
0.00254 2 100 1.58776 6.35105 8.14164
0.00255 2 100 -0.50832 -2.03328 -10.4957
0.00256 2 100 -0.546701 -2.18681 11.0931
0.00257 2 100 1.42469 5.69874 -10.0074
0.00258 2 100 -2.01299 -8.05196 7.55229
0.00259 2 100 2.25184 9.00735 -4.21385
0.0026 2 100 -2.13822 -8.5529 0.563136
0.00261 2 100 1.72117 6.88469 2.8353
0.00262 2 100 -1.08973 -4.35892 -5.50577
0.00263 2 100 0.35626 1.42504 7.12305
0.00264 2 100 0.362217 1.44887 -7.54637
0.00265 2 100 -0.961603 -3.84642 6.82313
0.00266 2 100 1.36485 5.45941 -5.16469
0.00267 2 100 -1.53076 -6.12303 2.90027
0.00268 2 100 1.45675 5.82699 -0.417879
0.00269 2 100 -1.17569 -4.70275 -1.89811
0.0027 2 100 0.74784 2.99136 3.723
0.00271 2 100 -0.249466 -0.997867 -4.83398
0.00272 2 100 -0.239799 -0.959198 5.13345
0.00273 2 100 0.648982 2.59593 -4.65192
0.00274 2 100 -0.925357 -3.70143 3.53171
0.00275 2 100 1.04055 4.1622 -1.99586
0.00276 2 100 -0.992427 -3.96971 0.307944
0.00277 2 100 0.803048 3.21219 1.27032
0.00278 2 100 -0.513159 -2.05264 -2.51732
0.00279 2 100 0.174545 0.698179 3.28039
0.0028 2 100 0.15863 0.634518 -3.49194
0.00281 2 100 -0.437947 -1.75179 3.1715
0.00282 2 100 0.627359 2.50944 -2.41492
0.00283 2 100 -0.707299 -2.8292 1.37326
0.00284 2 100 0.676086 2.70434 -0.225598
0.00285 2 100 -0.54849 -2.19396 -0.849898
0.00286 2 100 0.352093 1.40837 1.70196
0.00287 2 100 -0.122025 -0.488104 -2.22603
0.00288 2 100 -0.104841 -0.419368 2.37526
0.00289 2 100 0.295511 1.18204 -2.16214
0.0029 2 100 -0.425304 -1.70122 1.65119
0.00291 2 100 0.480765 1.92306 -0.944744
0.00292 2 100 -0.460561 -1.84225 0.164428
0.00293 2 100 0.374612 1.49845 0.56843
0.00294 2 100 -0.241553 -0.966214 -1.15062
0.00295 2 100 0.0852498 0.340997 1.51049
0.00296 2 100 0.0692328 0.276929 -1.61563
0.00297 2 100 -0.199374 -0.7975 1.47396
0.00298 2 100 0.288316 1.15326 -1.12894
0.00299 2 100 -0.326771 -1.30709 0.649841
0.003 1.99996 99.998 24.9999 99.9984 -0.119317
0.00301 1.99988 99.994 24.9996 99.9955 493.332
0.00302 1.9998 99.99 24.9994 99.9924 1493.28
0.00303 1.99972 99.986 24.9991 99.9895 2493.18
0.00304 1.99964 99.982 24.9989 99.9864 3493.03
0.00305 1.99956 99.978 24.9986 99.9835 4492.83
0.00306 1.99948 99.974 24.9984 99.9804 5492.58
0.00307 1.9994 99.97 24.9981 99.9775 6492.28
0.00308 1.99932 99.966 24.9979 99.9744 7491.93
0.00309 1.99924 99.962 24.9976 99.9715 8491.53
0.0031 1.99916 99.958 24.9974 99.9684 9491.08
0.00311 1.99908 99.954 24.9971 99.9655 10490.6
0.00312 1.999 99.95 24.9969 99.9624 11490
0.00313 1.99892 99.946 24.9966 99.9596 12489.4
0.00314 1.99884 99.942 24.9964 99.9564 13488.8
0.00315 1.99876 99.9381 24.9961 99.9536 14488.1
0.00316 1.99868 99.934 24.9959 99.9504 15487.3
0.00317 1.9986 99.9301 24.9956 99.9476 16486.5
0.00318 1.99852 99.926 24.9954 99.9444 17485.7
0.00319 1.99844 99.9221 24.9951 99.9416 18484.8
0.0032 1.99836 99.918 24.9949 99.9384 19483.8
0.00321 1.99828 99.9141 24.9946 99.9356 20482.8
0.00322 1.9982 99.91 24.9944 99.9324 21481.8
0.00323 1.99812 99.9061 24.9941 99.9296 22480.7
0.00324 1.99804 99.902 24.9939 99.9265 23479.5
0.00325 1.99796 99.8981 24.9936 99.9236 24478.3
0.00326 1.99788 99.894 24.9934 99.9205 25477.1
0.00327 1.9978 99.8901 24.9931 99.9176 26475.8
0.00328 1.99772 99.886 24.9929 99.9145 27474.4
0.00329 1.99764 99.8821 24.9926 99.9116 28473
0.0033 1.99756 99.878 24.9924 99.9085 29471.6
0.00331 1.99748 99.8741 24.9921 99.9056 30470.1
0.00332 1.9974 99.8701 24.9919 99.9025 31468.5
0.00333 1.99732 99.8661 24.9916 99.8996 32466.9
0.00334 1.99724 99.8621 24.9914 99.8965 33465.3
0.00335 1.99716 99.8582 24.9911 99.8936 34463.6
0.00336 1.99708 99.8541 24.9909 99.8905 35461.8
0.00337 1.997 99.8502 24.9906 99.8876 36460
0.00338 1.99692 99.8461 24.9904 99.8845 37458.2
0.00339 1.99684 99.8422 24.9901 99.8816 38456.3
0.0034 1.99676 99.8381 24.9899 99.8785 39454.4
0.00341 1.99668 99.8342 24.9896 99.8756 40452.4
0.00342 1.9966 99.8301 24.9894 99.8725 41450.3
0.00343 1.99652 99.8262 24.9891 99.8696 42448.2
0.00344 1.99644 99.8221 24.9889 99.8665 43446.1
0.00345 1.99636 99.8182 24.9886 99.8637 44443.9
0.00346 1.99628 99.8142 24.9884 99.8605 45441.6
0.00347 1.99621 99.8103 24.9881 99.8577 46439.3
0.00348 1.99612 99.8062 24.9879 99.8546 47437
0.00349 1.99605 99.8023 24.9876 99.8517 48434.6
0.0035 1.99596 99.7982 24.9874 99.8486 49432.1
0.00351 1.99589 99.7943 24.9871 99.8457 50429.6
0.00352 1.9958 99.7902 24.9869 99.8426 51427.1
0.00353 1.99573 99.7863 24.9866 99.8397 52424.5
0.00354 1.99564 99.7822 24.9864 99.8366 53421.8
0.00355 1.99557 99.7783 24.9861 99.8337 54419.1
0.00356 1.99549 99.7743 24.9859 99.8306 55416.4
0.00357 1.99541 99.7704 24.9856 99.8277 56413.6
0.00358 1.99533 99.7663 24.9854 99.8246 57410.7
0.00359 1.99525 99.7624 24.9851 99.8218 58407.8
0.0036 1.99517 99.7583 24.9849 99.8186 59404.9
0.00361 1.99509 99.7544 24.9846 99.8158 60401.9
0.00362 1.99501 99.7503 24.9844 99.8127 61398.9
0.00363 1.99493 99.7464 24.9841 99.8098 62395.8
0.00364 1.99485 99.7424 24.9839 99.8067 63392.6
0.00365 1.99477 99.7385 24.9836 99.8038 64389.4
0.00366 1.99469 99.7344 24.9834 99.8007 65386.2
0.00367 1.99461 99.7305 24.9831 99.7978 66382.9
0.00368 1.99453 99.7264 24.9829 99.7947 67379.5
0.00369 1.99445 99.7225 24.9826 99.7918 68376.1
0.0037 1.99437 99.7184 24.9824 99.7887 69372.7
0.00371 1.99429 99.7145 24.9821 99.7859 70369.2
0.00372 1.99421 99.7105 24.9819 99.7828 71365.7
0.00373 1.99413 99.7066 24.9816 99.7799 72362.1
0.00374 1.99405 99.7025 24.9814 99.7768 73358.4
0.00375 1.99397 99.6986 24.9811 99.7739 74354.7
0.00376 1.99389 99.6945 24.9809 99.7708 75351
0.00377 1.99381 99.6906 24.9806 99.7679 76347.2
0.00378 1.99373 99.6866 24.9804 99.7648 77343.3
0.00379 1.99365 99.6827 24.9801 99.7619 78339.5
0.0038 1.99357 99.6786 24.9799 99.7588 79335.5
0.00381 1.99349 99.6747 24.9796 99.756 80331.5
0.00382 1.99341 99.6706 24.9794 99.7529 81327.5
0.00383 1.99333 99.6667 24.9791 99.75 82323.4
0.00384 1.99325 99.6627 24.9789 99.7469 83319.2
0.00385 1.99318 99.6588 24.9786 99.744 84315
0.00386 1.99309 99.6547 24.9784 99.7409 85310.8
0.00387 1.99302 99.6508 24.9782 99.738 86306.5
0.00388 1.99293 99.6467 24.9779 99.7349 87302.2
0.00389 1.99286 99.6428 24.9777 99.7321 88297.8
0.0039 1.99278 99.6388 24.9774 99.729 89293.3
0.00391 1.9927 99.6349 24.9772 99.7261 90288.9
0.00392 1.99262 99.6308 24.9769 99.723 91284.3
0.00393 1.99254 99.6269 24.9767 99.7201 92279.7
0.00394 1.99246 99.6228 24.9764 99.717 93275.1
0.00395 1.99238 99.6189 24.9762 99.7141 94270.4
0.00396 1.9923 99.6149 24.9759 99.711 95265.6
0.00397 1.99222 99.611 24.9757 99.7082 96260.9
0.00398 1.99214 99.6069 24.9754 99.7051 97256
0.00399 1.99206 99.603 24.9752 99.7022 98251.1
0.004 1.99198 99.599 24.9749 99.6991 99246.2
0.00401 1.9919 99.5951 24.9747 99.6962 100241
0.00402 1.99182 99.591 24.9744 99.6931 101236
0.00403 1.99174 99.5871 24.9742 99.6902 102231
0.00404 1.99166 99.583 24.9739 99.6871 103226
0.00405 1.99158 99.5791 24.9737 99.6843 104221
0.00406 1.9915 99.5751 24.9734 99.6812 105216
0.00407 1.99142 99.5712 24.9732 99.6783 106210
0.00408 1.99134 99.5671 24.9729 99.6752 107205
0.00409 1.99126 99.5632 24.9727 99.6723 108200
0.0041 1.99118 99.5592 24.9724 99.6692 109194
0.00411 1.99111 99.5553 24.9722 99.6664 110189
0.00412 1.99102 99.5512 24.9719 99.6633 111183
0.00413 1.99095 99.5473 24.9717 99.6604 112177
0.00414 1.99087 99.5433 24.9714 99.6573 113172
0.00415 1.99079 99.5394 24.9712 99.6544 114166
0.00416 1.99071 99.5353 24.9709 99.6513 115160
0.00417 1.99063 99.5314 24.9707 99.6485 116155
0.00418 1.99055 99.5274 24.9704 99.6454 117149
0.00419 1.99047 99.5235 24.9702 99.6425 118143
0.0042 1.99039 99.5194 24.9699 99.6394 119137
0.00421 1.99031 99.5155 24.9697 99.6365 120131
0.00422 1.99023 99.5114 24.9694 99.6334 121125
0.00423 1.99015 99.5076 24.9692 99.6306 122119
0.00424 1.99007 99.5035 24.9689 99.6275 123113
0.00425 1.98999 99.4996 24.9687 99.6246 124107
0.00426 1.98991 99.4955 24.9684 99.6215 125100
0.00427 1.98983 99.4917 24.9682 99.6186 126094
0.00428 1.98975 99.4876 24.9679 99.6155 127088
0.00429 1.98967 99.4837 24.9677 99.6127 128081
0.0043 1.98959 99.4796 24.9674 99.6096 129075
0.00431 1.98952 99.4758 24.9672 99.6067 130068
0.00432 1.98943 99.4717 24.9669 99.6036 131062
0.00433 1.98936 99.4678 24.9667 99.6008 132055
0.00434 1.98928 99.4638 24.9664 99.5977 133049
0.00435 1.9892 99.4599 24.9662 99.5948 134042
0.00436 1.98912 99.4558 24.9659 99.5917 135035
0.00437 1.98904 99.4519 24.9657 99.5888 136028
0.00438 1.98896 99.4479 24.9655 99.5857 137022
0.00439 1.98888 99.444 24.9652 99.5829 138015
0.0044 1.9888 99.4399 24.965 99.5798 139008
0.00441 1.98872 99.436 24.9647 99.5769 140001
0.00442 1.98864 99.432 24.9645 99.5738 140994
0.00443 1.98856 99.4281 24.9642 99.5709 141987
0.00444 1.98848 99.424 24.964 99.5679 142980
0.00445 1.9884 99.4201 24.9637 99.565 143972
0.00446 1.98832 99.4161 24.9635 99.5619 144965
0.00447 1.98824 99.4122 24.9632 99.559 145958
0.00448 1.98816 99.4082 24.963 99.5559 146951
0.00449 1.98809 99.4043 24.9627 99.5531 147943
0.0045 1.988 99.4002 24.9625 99.55 148936
0.00451 1.98793 99.3963 24.9622 99.5471 149928
0.00452 1.98785 99.3923 24.962 99.544 150921
0.00453 1.98777 99.3884 24.9617 99.5412 151913
0.00454 1.98769 99.3843 24.9615 99.5381 152906
0.00455 1.98761 99.3804 24.9612 99.5352 153898
0.00456 1.98753 99.3764 24.961 99.5321 154890
0.00457 1.98745 99.3725 24.9607 99.5292 155883
0.00458 1.98737 99.3685 24.9605 99.5262 156875
0.00459 1.98729 99.3646 24.9602 99.5233 157867
0.0046 1.98721 99.3605 24.96 99.5202 158859
0.00461 1.98713 99.3566 24.9597 99.5173 159851
0.00462 1.98705 99.3526 24.9595 99.5142 160843
0.00463 1.98697 99.3487 24.9593 99.5114 161835
0.00464 1.98689 99.3446 24.959 99.5083 162827
0.00465 1.98682 99.3408 24.9588 99.5054 163819
0.00466 1.98673 99.3367 24.9585 99.5023 164810
0.00467 1.98666 99.3328 24.9583 99.4995 165802
0.00468 1.98658 99.3288 24.958 99.4964 166794
0.00469 1.9865 99.3249 24.9578 99.4935 167785
0.0047 1.98642 99.3208 24.9575 99.4904 168777
0.00471 1.98634 99.317 24.9573 99.4876 169768
0.00472 1.98626 99.3129 24.957 99.4845 170760
0.00473 1.98618 99.309 24.9568 99.4816 171751
0.00474 1.9861 99.305 24.9565 99.4785 172743
0.00475 1.98602 99.3011 24.9563 99.4757 173734
0.00476 1.98594 99.2971 24.956 99.4726 174725
0.00477 1.98586 99.2932 24.9558 99.4697 175717
0.00478 1.98578 99.2891 24.9555 99.4666 176708
0.00479 1.9857 99.2852 24.9553 99.4638 177699
0.0048 1.98562 99.2812 24.955 99.4607 178690
0.00481 1.98555 99.2773 24.9548 99.4578 179681
0.00482 1.98547 99.2733 24.9545 99.4547 180672
0.00483 1.98539 99.2694 24.9543 99.4519 181663
0.00484 1.98531 99.2653 24.954 99.4488 182654
0.00485 1.98523 99.2615 24.9538 99.4459 183645
0.00486 1.98515 99.2574 24.9535 99.4428 184636
0.00487 1.98507 99.2535 24.9533 99.44 185626
0.00488 1.98499 99.2495 24.953 99.4369 186617
0.00489 1.98491 99.2456 24.9528 99.434 187608
0.0049 1.98483 99.2416 24.9525 99.431 188598
0.00491 1.98475 99.2377 24.9523 99.4281 189589
0.00492 1.98467 99.2336 24.952 99.425 190579
0.00493 1.9846 99.2298 24.9518 99.4222 191570
0.00494 1.98451 99.2257 24.9516 99.4191 192560
0.00495 1.98444 99.2218 24.9513 99.4162 193550
0.00496 1.98436 99.2178 24.9511 99.4131 194541
0.00497 1.98428 99.2139 24.9508 99.4103 195531
0.00498 1.9842 99.2099 24.9506 99.4072 196521
0.00499 1.98412 99.206 24.9503 99.4043 197511
0.005 1.98404 99.202 24.9501 99.4012 198501
