0 0 0 0
0.0753804 0.0753804 0.0682313 0.0682313
0.150654 0.150654 0.1241 0.1241
0.225713 0.225713 0.169682 0.169682
0.300451 0.300451 0.206788 0.206788
0.374763 0.374763 0.236795 0.236795
0.448542 0.448542 0.260941 0.260941
0.521683 0.521683 0.280132 0.280132
0.594083 0.594083 0.295222 0.295222
0.665639 0.665639 0.306802 0.306802
0.736249 0.736249 0.315466 0.315466
0.805813 0.805813 0.321595 0.321595
0.874232 0.874232 0.32561 0.32561
0.941408 0.941408 0.32775 0.32775
1.00725 1.00725 0.32832 0.32832
1.07165 1.07165 0.327464 0.327464
1.13454 1.13454 0.325411 0.325411
1.19581 1.19581 0.322242 0.322242
1.25538 1.25538 0.318131 0.318131
1.31317 1.31317 0.31312 0.31312
1.36909 1.36909 0.307349 0.307349
1.42307 1.42307 0.300829 0.300829
1.47503 1.47503 0.29368 0.29368
1.52489 1.52488 0.285894 0.285894
1.57258 1.57258 0.277576 0.277576
1.61803 1.61803 0.268707 0.268707
1.66119 1.66119 0.259381 0.259381
1.70199 1.70199 0.249571 0.249571
1.74037 1.74037 0.239366 0.239366
1.77627 1.77627 0.228734 0.228734
1.80965 1.80965 0.217758 0.217758
1.84046 1.84046 0.206405 0.206405
1.86866 1.86866 0.194757 0.194757
1.8942 1.8942 0.182776 0.182776
1.91704 1.91704 0.170544 0.170544
1.93717 1.93717 0.158022 0.158022
1.95454 1.95454 0.145291 0.145291
1.96913 1.96913 0.132312 0.132312
1.98092 1.98092 0.119165 0.119165
1.9899 1.9899 0.105812 0.105812
1.99605 1.99605 0.0923308 0.0923307
1.99937 1.99937 0.0786839 0.0786838
1.99984 1.99984 0.0649501 0.06495
1.99747 1.99747 0.0510912 0.0510911
1.99227 1.99227 0.037186 0.0371859
1.98423 1.98423 0.0231963 0.0231962
1.97337 1.97337 0.00920089 0.0092008
1.95971 1.95971 -0.00483837 -0.00483847
1.94326 1.94326 -0.0188429 -0.018843
1.92406 1.92406 -0.0328509 -0.032851
1.90211 1.90211 -0.046784 -0.0467841
1.87747 1.87747 -0.0606804 -0.0606805
1.85015 1.85015 -0.0744621 -0.0744622
1.82021 1.82021 -0.0881676 -0.0881677
1.78768 1.78768 -0.101719 -0.101719
1.75261 1.75261 -0.115155 -0.115156
1.71505 1.71505 -0.128399 -0.128399
1.67506 1.67506 -0.14149 -0.14149
1.63268 1.63268 -0.154351 -0.154351
1.58798 1.58798 -0.167022 -0.167022
1.54103 1.54103 -0.179426 -0.179426
1.49188 1.49188 -0.191604 -0.191605
1.44062 1.44062 -0.203482 -0.203482
1.38731 1.38731 -0.215099 -0.215099
1.33202 1.33202 -0.226382 -0.226382
1.27485 1.27485 -0.237372 -0.237372
1.21586 1.21586 -0.247995 -0.247995
1.15515 1.15515 -0.258296 -0.258296
1.09279 1.09279 -0.2682 -0.2682
1.02888 1.02888 -0.277752 -0.277752
0.963507 0.963507 -0.286881 -0.286881
0.896766 0.896766 -0.29563 -0.29563
0.828751 0.828751 -0.303931 -0.303931
0.759558 0.759558 -0.311829 -0.311829
0.689286 0.689286 -0.319255 -0.319255
0.618034 0.618034 -0.326256 -0.326256
0.545904 0.545904 -0.332764 -0.332764
0.472998 0.472998 -0.338829 -0.338829
0.39942 0.39942 -0.344383 -0.344383
0.325274 0.325274 -0.349476 -0.349476
0.250666 0.250666 -0.354045 -0.354045
0.175702 0.175702 -0.358138 -0.358138
0.100489 0.100489 -0.361695 -0.361695
0.0251321 0.025132 -0.364765 -0.364765
-0.0502602 -0.0502603 -0.367289 -0.367289
-0.125581 -0.125581 -0.36932 -0.36932
-0.200723 -0.200724 -0.370797 -0.370797
-0.275581 -0.275581 -0.371776 -0.371776
-0.350046 -0.350046 -0.372198 -0.372198
-0.424014 -0.424014 -0.372119 -0.372119
-0.49738 -0.49738 -0.371483 -0.371483
-0.570039 -0.570039 -0.370348 -0.370348
-0.641887 -0.641887 -0.368658 -0.368658
-0.712824 -0.712824 -0.366473 -0.366473
-0.782747 -0.782747 -0.363738 -0.363738
-0.851559 -0.851559 -0.360515 -0.360515
-0.91916 -0.91916 -0.356751 -0.356751
-0.985455 -0.985455 -0.352509 -0.352509
-1.05035 -1.05035 -0.347737 -0.347737
-1.11375 -1.11375 -0.3425 -0.3425
-1.17557 -1.17557 -0.336747 -0.336747
-1.23572 -1.23572 -0.330545 -0.330545
-1.29411 -1.29411 -0.323844 -0.323844
-1.35067 -1.35067 -0.316711 -0.316711
-1.4053 -1.4053 -0.3091 -0.3091
-1.45794 -1.45794 -0.301078 -0.301078
-1.5085 -1.5085 -0.2926 -0.2926
-1.55692 -1.55692 -0.283735 -0.283734
-1.60313 -1.60313 -0.274437 -0.274437
-1.64707 -1.64707 -0.264779 -0.264779
-1.68866 -1.68866 -0.254715 -0.254715
-1.72785 -1.72785 -0.244318 -0.244318
-1.76458 -1.76458 -0.233546 -0.233546
-1.79881 -1.79881 -0.22247 -0.222469
-1.83048 -1.83048 -0.211049 -0.211049
-1.85955 -1.85955 -0.199357 -0.199357
-1.88598 -1.88598 -0.187353 -0.187353
-1.90973 -1.90973 -0.175111 -0.175111
-1.93076 -1.93076 -0.162592 -0.162592
-1.94905 -1.94905 -0.149871 -0.149871
-1.96457 -1.96457 -0.136908 -0.136908
-1.9773 -1.9773 -0.123779 -0.123779
-1.98722 -1.98722 -0.110446 -0.110445
-1.99432 -1.99432 -0.0969836 -0.0969835
-1.99858 -1.99858 -0.0833555 -0.0833554
-2 -2 -0.0696373 -0.0696372
-1.99858 -1.99858 -0.0557918 -0.0557917
-1.99432 -1.99432 -0.0418953 -0.0418952
-1.98722 -1.98722 -0.027911 -0.0279109
-1.9773 -1.9773 -0.0139153 -0.0139152
-1.96457 -1.96457 0.000128426 0.000128525
-1.94905 -1.94905 0.0141437 0.0141438
-1.93076 -1.93076 0.0281672 0.0281673
-1.90973 -1.90973 0.0421224 0.0421225
-1.88598 -1.88598 0.0560459 0.056046
-1.85955 -1.85955 0.0698616 0.0698617
-1.83048 -1.83048 0.0836062 0.0836063
-1.79881 -1.79881 0.0972038 0.0972039
-1.76458 -1.76458 0.110691 0.110692
-1.72785 -1.72785 0.123994 0.123994
-1.68866 -1.68866 0.137148 0.137148
-1.64707 -1.64707 0.150079 0.150079
-1.60313 -1.60313 0.162825 0.162825
-1.55692 -1.55692 0.175311 0.175311
-1.5085 -1.5085 0.187577 0.187577
-1.45794 -1.45794 0.199548 0.199548
-1.4053 -1.4053 0.211263 0.211263
-1.35067 -1.35067 0.22265 0.22265
-1.29411 -1.29411 0.233749 0.233749
-1.23572 -1.23572 0.244487 0.244487
-1.17557 -1.17557 0.254906 0.254906
-1.11375 -1.11375 0.264935 0.264935
-1.05035 -1.05035 0.274615 0.274615
-0.985455 -0.985455 0.283877 0.283878
-0.91916 -0.91916 0.292764 0.292764
-0.851559 -0.851559 0.301207 0.301207
-0.782747 -0.782747 0.309249 0.309249
-0.712824 -0.712824 0.316825 0.316825
-0.641887 -0.641887 0.323978 0.323978
-0.570039 -0.570039 0.330642 0.330642
-0.49738 -0.49738 0.336865 0.336865
-0.424014 -0.424014 0.342581 0.342581
-0.350046 -0.350046 0.347838 0.347838
-0.275581 -0.275581 0.352573 0.352573
-0.200723 -0.200723 0.356835 0.356835
-0.125581 -0.125581 0.360561 0.360561
-0.0502602 -0.0502602 0.363804 0.363804
0.0251321 0.0251321 0.366501 0.366501
0.100489 0.100489 0.368706 0.368706
0.175702 0.175702 0.370358 0.370358
0.250666 0.250666 0.371513 0.371513
0.325274 0.325274 0.372111 0.372111
0.39942 0.39942 0.372209 0.372209
0.472998 0.472998 0.371749 0.371749
0.545904 0.545904 0.37079 0.37079
0.618034 0.618034 0.369275 0.369275
0.689286 0.689286 0.367264 0.367264
0.759558 0.759558 0.364703 0.364703
0.828751 0.828751 0.361651 0.361651
0.896766 0.896766 0.358058 0.358058
0.963507 0.963507 0.353984 0.353984
1.02888 1.02888 0.349379 0.349379
1.09279 1.09279 0.344305 0.344305
1.15515 1.15515 0.338714 0.338714
1.21586 1.21586 0.332669 0.332669
1.27485 1.27485 0.326125 0.326124
1.33202 1.33202 0.319144 0.319144
1.38731 1.38731 0.311682 0.311682
1.44062 1.44062 0.303805 0.303805
1.49188 1.49188 0.295468 0.295468
1.54103 1.54103 0.28674 0.28674
1.58798 1.58798 0.277576 0.277576
1.63268 1.63268 0.268045 0.268045
1.67506 1.67506 0.258106 0.258106
1.71505 1.71505 0.247828 0.247828
1.75261 1.75261 0.23717 0.23717
1.78768 1.78768 0.226202 0.226202
1.82021 1.82021 0.214885 0.214885
1.85015 1.85015 0.203291 0.203291
1.87747 1.87747 0.19138 0.19138
1.90211 1.90211 0.179225 0.179225
1.92406 1.92406 0.166788 0.166787
1.94326 1.94326 0.154141 0.15414
1.95971 1.95971 0.141247 0.141247
1.97337 1.97337 0.12818 0.12818
1.98423 1.98423 0.114904 0.114904
1.99227 1.99227 0.101492 0.101492
1.99747 1.99747 0.0879079 0.0879078
1.99984 1.99984 0.0742265 0.0742264
1.99937 1.99937 0.0604123 0.0604122
1.99605 1.99605 0.0465395 0.0465394
1.9899 1.9899 0.0325734 0.0325733
1.98092 1.98092 0.0185882 0.0185881
1.96913 1.96913 0.00454931 0.00454921
1.95454 1.95454 -0.00946874 -0.00946884
1.93717 1.93717 -0.0235006 -0.0235007
1.91704 1.91704 -0.0374718 -0.0374719
1.8942 1.8942 -0.0514171 -0.0514172
1.86866 1.86866 -0.065262 -0.0652621
1.84046 1.84046 -0.0790414 -0.0790415
1.80965 1.80965 -0.0926812 -0.0926813
1.77627 1.77627 -0.106217 -0.106217
1.74037 1.74037 -0.119574 -0.119574
1.70199 1.70199 -0.132788 -0.132788
1.66119 1.66119 -0.145787 -0.145787
1.61803 1.61803 -0.158606 -0.158606
1.57258 1.57258 -0.171172 -0.171172
1.52489 1.52488 -0.183522 -0.183522
1.47503 1.47503 -0.195584 -0.195584
1.42307 1.42307 -0.207395 -0.207395
1.36909 1.36909 -0.218884 -0.218884
1.31317 1.31317 -0.23009 -0.23009
1.25538 1.25538 -0.240941 -0.240941
1.19581 1.19581 -0.251477 -0.251477
1.13454 1.13454 -0.261629 -0.261629
1.07165 1.07165 -0.271436 -0.271436
1.00725 1.00725 -0.28083 -0.28083
0.941408 0.941408 -0.289852 -0.289852
0.874232 0.874232 -0.298435 -0.298435
0.805813 0.805813 -0.306621 -0.306621
0.736249 0.736249 -0.314345 -0.314345
0.665639 0.665639 -0.321648 -0.321648
0.594083 0.594083 -0.328468 -0.328468
0.521683 0.521683 -0.334848 -0.334848
0.448542 0.448542 -0.340725 -0.340725
0.374763 0.374763 -0.346145 -0.346145
0.300451 0.300451 -0.351045 -0.351046
0.225713 0.225713 -0.355474 -0.355475
0.150654 0.150654 -0.359371 -0.359371
0.0753804 0.0753803 -0.362785 -0.362785
2.15391e-08 -2.0159e-08 -0.365655 -0.365655
-0.0753803 -0.0753804 -0.368033 -0.368033
-0.150654 -0.150654 -0.369861 -0.369862
-0.225713 -0.225713 -0.371191 -0.371191
-0.300451 -0.300451 -0.371966 -0.371966
-0.374763 -0.374763 -0.372239 -0.372239
-0.448542 -0.448542 -0.371957 -0.371957
-0.521683 -0.521683 -0.371173 -0.371173
-0.594083 -0.594083 -0.369834 -0.369834
-0.665639 -0.665639 -0.367997 -0.367997
-0.736249 -0.736249 -0.36561 -0.36561
-0.805813 -0.805813 -0.36273 -0.36273
-0.874232 -0.874232 -0.359308 -0.359308
-0.941408 -0.941408 -0.355402 -0.355402
-1.00725 -1.00725 -0.350965 -0.350965
-1.07165 -1.07165 -0.346055 -0.346055
-1.13454 -1.13454 -0.340627 -0.340627
-1.19581 -1.19581 -0.334742 -0.334742
-1.25538 -1.25538 -0.328354 -0.328354
-1.31317 -1.31317 -0.321526 -0.321526
-1.36909 -1.36909 -0.314215 -0.314215
-1.42307 -1.42307 -0.306484 -0.306483
-1.47503 -1.47503 -0.29829 -0.29829
-1.52489 -1.52489 -0.2897 -0.289699
-1.57258 -1.57258 -0.280671 -0.280671
-1.61803 -1.61803 -0.271269 -0.271269
-1.66119 -1.66119 -0.261456 -0.261456
-1.70199 -1.70199 -0.251298 -0.251298
-1.74037 -1.74037 -0.240756 -0.240756
-1.77627 -1.77627 -0.229899 -0.229899
-1.80965 -1.80965 -0.218688 -0.218688
-1.84046 -1.84046 -0.207193 -0.207193
-1.86866 -1.86866 -0.195377 -0.195377
-1.8942 -1.8942 -0.18331 -0.18331
-1.91704 -1.91704 -0.170956 -0.170956
-1.93717 -1.93717 -0.158386 -0.158386
-1.95454 -1.95454 -0.145564 -0.145564
-1.96913 -1.96913 -0.132561 -0.132561
-1.98092 -1.98092 -0.119344 -0.119344
-1.9899 -1.9899 -0.105984 -0.105984
-1.99605 -1.99605 -0.0924463 -0.0924462
-1.99937 -1.99937 -0.078804 -0.0788039
-1.99984 -1.99984 -0.0650232 -0.0650231
-1.99747 -1.99747 -0.0511764 -0.0511763
-1.99227 -1.99227 -0.0372305 -0.0372304
-1.98423 -1.98423 -0.0232582 -0.0232581
-1.97337 -1.97337 -0.00922631 -0.00922621
-1.95971 -1.95971 0.00479224 0.00479234
-1.94326 -1.94326 0.0188304 0.0188305
-1.92406 -1.92406 0.0328154 0.0328155
-1.90211 -1.90211 0.0467801 0.0467802
-1.87747 -1.87747 0.060652 0.0606521
-1.85015 -1.85015 0.0744641 0.0744642
-1.82021 -1.82021 0.088144 0.0881441
-1.78768 -1.78768 0.101725 0.101725
-1.75261 -1.75261 0.115135 0.115135
-1.71505 -1.71505 0.128408 0.128408
-1.67506 -1.67506 0.141472 0.141472
-1.63268 -1.63268 0.154361 0.154361
-1.58798 -1.58798 0.167005 0.167005
-1.54103 -1.54103 0.179437 0.179437
-1.49188 -1.49188 0.191589 0.191589
-1.44062 -1.44062 0.203494 0.203494
-1.38731 -1.38731 0.215084 0.215084
-1.33202 -1.33202 0.226394 0.226394
-1.27485 -1.27485 0.237357 0.237357
-1.21586 -1.21586 0.248008 0.248008
-1.15515 -1.15515 0.258281 0.258281
-1.09279 -1.09279 0.268213 0.268213
-1.02888 -1.02888 0.277738 0.277738
-0.963507 -0.963507 0.286894 0.286894
-0.896766 -0.896766 0.295616 0.295616
-0.828751 -0.828751 0.303945 0.303945
-0.759558 -0.759558 0.311815 0.311815
-0.689286 -0.689286 0.319268 0.319268
-0.618034 -0.618034 0.326242 0.326242
-0.545904 -0.545904 0.332778 0.332778
-0.472998 -0.472998 0.338815 0.338815
-0.39942 -0.39942 0.344397 0.344397
-0.325274 -0.325274 0.349463 0.349463
-0.250666 -0.250666 0.354058 0.354058
-0.175702 -0.175702 0.358125 0.358125
-0.100489 -0.100489 0.361708 0.361708
-0.0251321 -0.0251321 0.364752 0.364752
0.0502602 0.0502602 0.367303 0.367303
0.125581 0.125581 0.369306 0.369306
0.200723 0.200723 0.370811 0.370811
0.275581 0.275581 0.371762 0.371762
0.350046 0.350046 0.372211 0.372211
0.424014 0.424014 0.372105 0.372105
0.49738 0.49738 0.371497 0.371497
0.570038 0.570038 0.370335 0.370335
0.641887 0.641887 0.368672 0.368672
0.712824 0.712824 0.366459 0.366459
0.782747 0.782747 0.363752 0.363752
0.851559 0.851559 0.360502 0.360502
0.91916 0.91916 0.356765 0.356765
0.985455 0.985455 0.352495 0.352495
1.05035 1.05035 0.347751 0.347751
1.11375 1.11375 0.342486 0.342486
1.17557 1.17557 0.336761 0.336761
1.23572 1.23572 0.330531 0.330531
1.29411 1.29411 0.323857 0.323857
1.35067 1.35067 0.316698 0.316698
1.4053 1.4053 0.309114 0.309114
1.45794 1.45794 0.301065 0.301065
1.5085 1.5085 0.292614 0.292614
1.55692 1.55692 0.283721 0.283721
1.60313 1.60313 0.274451 0.274451
1.64707 1.64707 0.264765 0.264765
1.68866 1.68866 0.254729 0.254729
1.72785 1.72785 0.244305 0.244305
1.76458 1.76458 0.233559 0.233559
1.79881 1.79881 0.222456 0.222456
1.83048 1.83048 0.211062 0.211062
1.85955 1.85955 0.199343 0.199343
1.88598 1.88598 0.187367 0.187366
1.90973 1.90973 0.175098 0.175098
1.93076 1.93076 0.162606 0.162606
1.94905 1.94905 0.149857 0.149857
1.96457 1.96457 0.136922 0.136921
1.9773 1.9773 0.123765 0.123765
1.98722 1.98722 0.110459 0.110459
1.99432 1.99432 0.0969701 0.09697
1.99858 1.99858 0.083369 0.0833689
2 2 0.0696238 0.0696237
1.99858 1.99858 0.0558053 0.0558052
1.99432 1.99432 0.0418818 0.0418817
1.98722 1.98722 0.0279245 0.0279244
1.9773 1.9773 0.0139018 0.0139017
1.96457 1.96457 -0.00011497 -0.000115068
1.94905 1.94905 -0.0141572 -0.0141573
1.93076 1.93076 -0.0281537 -0.0281538
1.90973 1.90973 -0.0421358 -0.0421359
1.88598 1.88598 -0.0560325 -0.0560326
1.85955 1.85955 -0.069875 -0.0698751
1.83048 1.83048 -0.0835928 -0.0835929
1.79881 1.79881 -0.0972172 -0.0972173
1.76458 1.76458 -0.110678 -0.110678
1.72785 1.72785 -0.124007 -0.124007
1.68866 1.68866 -0.137134 -0.137135
1.64707 1.64707 -0.150092 -0.150092
1.60313 1.60313 -0.162812 -0.162812
1.55692 1.55692 -0.175325 -0.175325
1.5085 1.5085 -0.187563 -0.187564
1.45794 1.45794 -0.199561 -0.199561
1.4053 1.4053 -0.21125 -0.21125
1.35067 1.35067 -0.222663 -0.222663
1.29411 1.29411 -0.233735 -0.233735
1.23572 1.23572 -0.2445 -0.244501
1.17557 1.17557 -0.254893 -0.254893
1.11375 1.11375 -0.264948 -0.264948
1.05035 1.05035 -0.274602 -0.274602
0.985455 0.985455 -0.283891 -0.283891
0.91916 0.91916 -0.292751 -0.292751
0.851559 0.851559 -0.30122 -0.30122
0.782747 0.782747 -0.309236 -0.309236
0.712824 0.712824 -0.316838 -0.316838
0.641887 0.641887 -0.323964 -0.323964
0.570039 0.570039 -0.330655 -0.330655
0.49738 0.49738 -0.336851 -0.336852
0.424014 0.424014 -0.342594 -0.342594
0.350046 0.350046 -0.347825 -0.347825
0.275581 0.275581 -0.352586 -0.352586
0.200723 0.200723 -0.356821 -0.356821
0.125581 0.125581 -0.360575 -0.360575
0.0502602 0.0502602 -0.36379 -0.363791
-0.025132 -0.0251321 -0.366514 -0.366514
-0.100489 -0.100489 -0.368692 -0.368692
-0.175702 -0.175702 -0.370372 -0.370372
-0.250666 -0.250666 -0.371499 -0.371499
-0.325274 -0.325274 -0.372124 -0.372124
-0.39942 -0.39942 -0.372195 -0.372195
-0.472998 -0.472998 -0.371763 -0.371763
-0.545904 -0.545904 -0.370776 -0.370776
-0.618034 -0.618034 -0.369288 -0.369288
-0.689286 -0.689286 -0.367251 -0.367251
-0.759558 -0.759558 -0.364716 -0.364716
-0.828751 -0.828751 -0.361638 -0.361638
-0.896766 -0.896766 -0.358071 -0.358071
-0.963507 -0.963507 -0.35397 -0.35397
-1.02888 -1.02888 -0.349392 -0.349392
-1.09279 -1.09279 -0.344292 -0.344292
-1.15515 -1.15515 -0.338727 -0.338727
-1.21586 -1.21586 -0.332656 -0.332656
-1.27485 -1.27485 -0.326138 -0.326138
-1.33202 -1.33202 -0.319131 -0.319131
-1.38731 -1.38731 -0.311695 -0.311695
-1.44062 -1.44062 -0.303792 -0.303792
-1.49188 -1.49188 -0.295482 -0.295482
-1.54103 -1.54103 -0.286727 -0.286726
-1.58798 -1.58798 -0.277589 -0.277589
-1.63268 -1.63268 -0.268032 -0.268032
-1.67506 -1.67506 -0.258119 -0.258119
-1.71505 -1.71505 -0.247815 -0.247814
-1.75261 -1.75261 -0.237183 -0.237183
-1.78768 -1.78768 -0.226189 -0.226189
-1.82021 -1.82021 -0.214899 -0.214898
-1.85015 -1.85015 -0.203278 -0.203278
-1.87747 -1.87747 -0.191393 -0.191393
-1.90211 -1.90211 -0.179212 -0.179212
-1.92406 -1.92406 -0.166801 -0.1668
-1.94326 -1.94326 -0.154127 -0.154127
-1.95971 -1.95971 -0.14126 -0.14126
-1.97337 -1.97337 -0.128167 -0.128167
-1.98423 -1.98423 -0.114917 -0.114917
-1.99227 -1.99227 -0.101479 -0.101479
-1.99747 -1.99747 -0.0879209 -0.0879208
-1.99984 -1.99984 -0.0742135 -0.0742134
-1.99937 -1.99937 -0.0604253 -0.0604252
-1.99605 -1.99605 -0.0465265 -0.0465264
-1.9899 -1.9899 -0.0325864 -0.0325863
-1.98092 -1.98092 -0.0185752 -0.0185751
-1.96913 -1.96913 -0.00456232 -0.00456223
-1.95454 -1.95454 0.00948174 0.00948184
-1.93717 -1.93717 0.0234876 0.0234877
-1.91704 -1.91704 0.0374848 0.0374849
-1.8942 -1.8942 0.0514041 0.0514042
-1.86866 -1.86866 0.0652749 0.065275
-1.84046 -1.84046 0.0790284 0.0790285
-1.80965 -1.80965 0.0926942 0.0926943
-1.77627 -1.77627 0.106204 0.106204
-1.74037 -1.74037 0.119587 0.119587
-1.70199 -1.70199 0.132775 0.132775
-1.66119 -1.66119 0.1458 0.1458
-1.61803 -1.61803 0.158593 0.158593
-1.57258 -1.57258 0.171185 0.171185
-1.52489 -1.52489 0.183509 0.183509
-1.47503 -1.47503 0.195597 0.195597
-1.42307 -1.42307 0.207382 0.207382
-1.36909 -1.36909 0.218897 0.218897
-1.31317 -1.31317 0.230077 0.230077
-1.25538 -1.25538 0.240954 0.240954
-1.19581 -1.19581 0.251464 0.251464
-1.13454 -1.13454 0.261642 0.261642
-1.07165 -1.07165 0.271423 0.271423
-1.00725 -1.00725 0.280843 0.280843
-0.941408 -0.941408 0.289839 0.289839
-0.874232 -0.874232 0.298448 0.298448
-0.805813 -0.805813 0.306608 0.306608
-0.736249 -0.736249 0.314358 0.314358
-0.665639 -0.665639 0.321635 0.321636
-0.594083 -0.594083 0.328481 0.328481
-0.521683 -0.521683 0.334835 0.334835
-0.448542 -0.448542 0.340738 0.340738
-0.374763 -0.374763 0.346132 0.346132
-0.300451 -0.300451 0.351058 0.351058
-0.225713 -0.225713 0.355462 0.355462
-0.150654 -0.150654 0.359384 0.359384
-0.0753804 -0.0753804 0.362772 0.362772
-4.30772e-08 -4.34464e-08 0.365668 0.365668
0.0753803 0.0753803 0.368021 0.368021
0.150654 0.150654 0.369874 0.369874
0.225713 0.225713 0.371178 0.371178
0.300451 0.300451 0.371979 0.371979
0.374763 0.374763 0.372227 0.372227
0.448541 0.448541 0.37197 0.37197
0.521683 0.521683 0.37116 0.37116
0.594083 0.594083 0.369847 0.369847
0.665639 0.665639 0.367984 0.367984
0.736249 0.736249 0.365623 0.365623
0.805813 0.805813 0.362717 0.362717
0.874231 0.874231 0.359321 0.359321
0.941408 0.941408 0.35539 0.35539
1.00725 1.00725 0.350977 0.350977
1.07165 1.07165 0.346042 0.346042
1.13454 1.13454 0.34064 0.34064
1.19581 1.19581 0.334729 0.334729
1.25538 1.25538 0.328366 0.328366
1.31317 1.31317 0.321513 0.321513
1.36909 1.36909 0.314227 0.314227
1.42307 1.42307 0.306471 0.306471
1.47503 1.47503 0.298303 0.298303
1.52488 1.52488 0.289687 0.289687
1.57258 1.57258 0.280683 0.280683
1.61803 1.61803 0.271257 0.271257
1.66119 1.66119 0.261469 0.261469
1.70199 1.70199 0.251285 0.251285
1.74037 1.74037 0.240769 0.240769
1.77627 1.77627 0.229886 0.229886
1.80965 1.80965 0.218701 0.218701
1.84046 1.84046 0.20718 0.20718
1.86866 1.86866 0.19539 0.19539
1.8942 1.8942 0.183298 0.183297
1.91704 1.91704 0.170969 0.170969
1.93717 1.93717 0.158373 0.158373
1.95454 1.95454 0.145576 0.145576
1.96913 1.96913 0.132549 0.132549
1.98092 1.98092 0.119357 0.119357
1.9899 1.9899 0.105971 0.105971
1.99605 1.99605 0.0924589 0.0924588
1.99937 1.99937 0.0787914 0.0787913
1.99984 1.99984 0.0650358 0.0650357
1.99747 1.99747 0.0511638 0.0511638
1.99227 1.99227 0.0372431 0.037243
1.98423 1.98423 0.0232456 0.0232455
1.97337 1.97337 0.00923891 0.00923881
1.95971 1.95971 -0.00480482 -0.00480492
1.94326 1.94326 -0.0188178 -0.0188179
1.92406 1.92406 -0.0328279 -0.032828
1.90211 1.90211 -0.0467675 -0.0467676
1.87747 1.87747 -0.0606646 -0.0606647
1.85015 1.85015 -0.0744515 -0.0744516
1.82021 1.82021 -0.0881565 -0.0881566
1.78768 1.78768 -0.101712 -0.101712
1.75261 1.75261 -0.115148 -0.115148
1.71505 1.71505 -0.128395 -0.128395
1.67506 1.67506 -0.141484 -0.141484
1.63268 1.63268 -0.154349 -0.154349
1.58798 1.58798 -0.167017 -0.167017
1.54103 1.54103 -0.179425 -0.179425
1.49188 1.49188 -0.191601 -0.191601
1.44062 1.44062 -0.203481 -0.203482
1.38731 1.38731 -0.215096 -0.215096
1.33202 1.33202 -0.226382 -0.226382
1.27485 1.27485 -0.237369 -0.23737
1.21586 1.21586 -0.247996 -0.247996
1.15515 1.15515 -0.258294 -0.258294
1.09279 1.09279 -0.268201 -0.268201
1.02888 1.02888 -0.27775 -0.27775
0.963507 0.963507 -0.286882 -0.286882
0.896766 0.896766 -0.295629 -0.295629
0.828751 0.828751 -0.303932 -0.303932
0.759558 0.759558 -0.311827 -0.311828
0.689286 0.689286 -0.319256 -0.319256
0.618034 0.618034 -0.326254 -0.326254
0.545904 0.545904 -0.332765 -0.332765
0.472998 0.472998 -0.338827 -0.338827
0.39942 0.39942 -0.344384 -0.344384
0.325274 0.325274 -0.349475 -0.349475
0.250667 0.250666 -0.354046 -0.354046
0.175702 0.175702 -0.358137 -0.358137
0.100489 0.100489 -0.361696 -0.361696
0.0251321 0.0251321 -0.364764 -0.364764
-0.0502601 -0.0502602 -0.367291 -0.367291
-0.125581 -0.125581 -0.369319 -0.369319
-0.200723 -0.200723 -0.370798 -0.370798
-0.275581 -0.275581 -0.371774 -0.371774
-0.350046 -0.350046 -0.372199 -0.372199
-0.424014 -0.424014 -0.372118 -0.372118
-0.49738 -0.49738 -0.371485 -0.371485
-0.570038 -0.570038 -0.370347 -0.370347
-0.641887 -0.641887 -0.368659 -0.368659
-0.712824 -0.712824 -0.366472 -0.366472
-0.782747 -0.782747 -0.363739 -0.363739
-0.851559 -0.851559 -0.360514 -0.360514
-0.91916 -0.91916 -0.356753 -0.356753
-0.985455 -0.985455 -0.352508 -0.352508
-1.05035 -1.05035 -0.347739 -0.347739
-1.11375 -1.11375 -0.342499 -0.342499
-1.17557 -1.17557 -0.336749 -0.336749
-1.23572 -1.23572 -0.330543 -0.330543
-1.29411 -1.29411 -0.323845 -0.323845
-1.35067 -1.35067 -0.31671 -0.31671
-1.4053 -1.4053 -0.309101 -0.309101
-1.45794 -1.45794 -0.301077 -0.301077
-1.5085 -1.5085 -0.292601 -0.292601
-1.55692 -1.55692 -0.283733 -0.283733
-1.60313 -1.60313 -0.274439 -0.274439
-1.64707 -1.64707 -0.264777 -0.264777
-1.68866 -1.68866 -0.254716 -0.254716
-1.72785 -1.72785 -0.244317 -0.244317
-1.76458 -1.76458 -0.233547 -0.233547
-1.79881 -1.79881 -0.222468 -0.222468
-1.83048 -1.83048 -0.21105 -0.21105
-1.85955 -1.85955 -0.199356 -0.199355
-1.88598 -1.88598 -0.187354 -0.187354
-1.90973 -1.90973 -0.17511 -0.17511
-1.93076 -1.93076 -0.162594 -0.162594
-1.94905 -1.94905 -0.14987 -0.14987
-1.96457 -1.96457 -0.136909 -0.136909
-1.9773 -1.9773 -0.123778 -0.123778
-1.98722 -1.98722 -0.110447 -0.110447
-1.99432 -1.99432 -0.0969824 -0.0969823
-1.99858 -1.99858 -0.0833568 -0.0833567
-2 -2 -0.069636 -0.0696359
-1.99858 -1.99858 -0.0557931 -0.055793
-1.99432 -1.99432 -0.041894 -0.0418939
-1.98722 -1.98722 -0.0279123 -0.0279122
-1.9773 -1.9773 -0.013914 -0.0139139
-1.96457 -1.96457 0.000127143 0.000127241
-1.94905 -1.94905 0.014145 0.0141451
-1.93076 -1.93076 0.0281659 0.028166
-1.90973 -1.90973 0.0421236 0.0421237
-1.88598 -1.88598 0.0560446 0.0560447
-1.85955 -1.85955 0.0698629 0.069863
-1.83048 -1.83048 0.0836049 0.083605
-1.79881 -1.79881 0.0972051 0.0972052
-1.76458 -1.76458 0.11069 0.11069
-1.72785 -1.72785 0.123995 0.123995
-1.68866 -1.68866 0.137147 0.137147
-1.64707 -1.64707 0.15008 0.15008
-1.60313 -1.60313 0.162824 0.162824
-1.55692 -1.55692 0.175313 0.175313
-1.5085 -1.5085 0.187576 0.187576
-1.45794 -1.45794 0.199549 0.199549
-1.4053 -1.4053 0.211262 0.211262
-1.35067 -1.35067 0.222651 0.222651
-1.29411 -1.29411 0.233747 0.233747
-1.23572 -1.23572 0.244488 0.244488
-1.17557 -1.17557 0.254905 0.254905
-1.11375 -1.11375 0.264936 0.264936
-1.05035 -1.05035 0.274614 0.274614
-0.985455 -0.985455 0.283879 0.283879
-0.91916 -0.91916 0.292763 0.292763
-0.851559 -0.851559 0.301208 0.301208
-0.782747 -0.782747 0.309248 0.309248
-0.712824 -0.712824 0.316826 0.316826
-0.641887 -0.641887 0.323976 0.323976
-0.570039 -0.570039 0.330643 0.330643
-0.49738 -0.49738 0.336864 0.336864
-0.424014 -0.424014 0.342582 0.342582
-0.350046 -0.350046 0.347837 0.347837
-0.275581 -0.275581 0.352574 0.352574
-0.200723 -0.200723 0.356833 0.356833
-0.125581 -0.125581 0.360563 0.360563
-0.0502602 -0.0502602 0.363802 0.363803
0.025132 0.025132 0.366502 0.366502
0.100489 0.100489 0.368704 0.368704
0.175702 0.175702 0.37036 0.37036
0.250666 0.250666 0.371511 0.371511
0.325274 0.325274 0.372112 0.372112
0.39942 0.39942 0.372207 0.372207
0.472998 0.472998 0.371751 0.371751
0.545904 0.545904 0.370788 0.370788
0.618034 0.618034 0.369277 0.369277
0.689286 0.689286 0.367263 0.367263
0.759558 0.759558 0.364704 0.364704
0.828751 0.828751 0.36165 0.36165
0.896766 0.896766 0.358059 0.358059
0.963507 0.963507 0.353982 0.353982
1.02888 1.02888 0.34938 0.34938
1.09279 1.09279 0.344303 0.344303
1.15515 1.15515 0.338715 0.338715
1.21586 1.21586 0.332668 0.332668
1.27485 1.27485 0.326126 0.326126
1.33202 1.33202 0.319143 0.319143
1.38731 1.38731 0.311683 0.311683
1.44062 1.44062 0.303804 0.303804
1.49188 1.49188 0.29547 0.29547
1.54103 1.54103 0.286738 0.286738
1.58798 1.58798 0.277577 0.277577
1.63268 1.63268 0.268044 0.268044
1.67506 1.67506 0.258107 0.258107
1.71505 1.71505 0.247826 0.247826
1.75261 1.75261 0.237171 0.237171
1.78768 1.78768 0.226201 0.226201
1.82021 1.82021 0.214887 0.214887
1.85015 1.85015 0.20329 0.20329
1.87747 1.87747 0.191381 0.191381
1.90211 1.90211 0.179224 0.179224
1.92406 1.92406 0.166789 0.166789
1.94326 1.94326 0.154139 0.154139
1.95971 1.95971 0.141248 0.141248
1.97337 1.97337 0.128179 0.128179
1.98423 1.98423 0.114905 0.114905
1.99227 1.99227 0.10149 0.10149
1.99747 1.99747 0.0879091 0.087909
1.99984 1.99984 0.0742253 0.0742252
1.99937 1.99937 0.0604135 0.0604134
1.99605 1.99605 0.0465383 0.0465382
1.9899 1.9899 0.0325746 0.0325745
1.98092 1.98092 0.018587 0.0185869
1.96913 1.96913 0.00455055 0.00455045
1.95454 1.95454 -0.00946996 -0.00947006
1.93717 1.93717 -0.0234994 -0.0234995
1.91704 1.91704 -0.037473 -0.0374731
1.8942 1.8942 -0.0514158 -0.0514159
1.86866 1.86866 -0.0652632 -0.0652633
1.84046 1.84046 -0.0790401 -0.0790402
1.80965 1.80965 -0.0926824 -0.0926825
1.77627 1.77627 -0.106215 -0.106215
1.74037 1.74037 -0.119575 -0.119575
1.70199 1.70199 -0.132787 -0.132787
1.66119 1.66119 -0.145788 -0.145788
1.61803 1.61803 -0.158604 -0.158604
1.57258 1.57258 -0.171173 -0.171173
1.52489 1.52489 -0.18352 -0.18352
1.47503 1.47503 -0.195585 -0.195585
1.42307 1.42307 -0.207394 -0.207394
1.36909 1.36909 -0.218885 -0.218886
1.31317 1.31317 -0.230088 -0.230089
1.25538 1.25538 -0.240942 -0.240942
1.19581 1.19581 -0.251476 -0.251476
1.13454 1.13454 -0.26163 -0.26163
1.07165 1.07165 -0.271435 -0.271435
1.00725 1.00725 -0.280831 -0.280831
0.941408 0.941408 -0.289851 -0.289851
0.874232 0.874232 -0.298436 -0.298436
0.805813 0.805813 -0.30662 -0.30662
0.736249 0.736249 -0.314346 -0.314346
0.665639 0.665639 -0.321647 -0.321647
0.594083 0.594083 -0.328469 -0.328469
0.521683 0.521683 -0.334847 -0.334847
0.448542 0.448542 -0.340726 -0.340726
0.374763 0.374763 -0.346143 -0.346143
0.300451 0.300451 -0.351047 -0.351047
0.225713 0.225713 -0.355473 -0.355473
0.150654 0.150654 -0.359373 -0.359373
0.0753804 0.0753804 -0.362783 -0.362783
6.46155e-08 5.07162e-08 -0.365657 -0.365657
-0.0753803 -0.0753803 -0.368032 -0.368032
-0.150654 -0.150654 -0.369863 -0.369863
-0.225713 -0.225713 -0.37119 -0.37119
-0.300451 -0.300451 -0.371967 -0.371967
-0.374763 -0.374763 -0.372238 -0.372238
-0.448541 -0.448541 -0.371958 -0.371958
-0.521683 -0.521683 -0.371171 -0.371171
-0.594083 -0.594083 -0.369835 -0.369835
-0.665639 -0.665639 -0.367996 -0.367996
-0.736249 -0.736249 -0.365611 -0.365611
-0.805813 -0.805813 -0.362729 -0.362729
-0.874231 -0.874231 -0.359309 -0.359309
-0.941408 -0.941408 -0.355401 -0.355401
-1.00725 -1.00725 -0.350966 -0.350966
-1.07165 -1.07165 -0.346054 -0.346054
-1.13454 -1.13454 -0.340628 -0.340628
-1.19581 -1.19581 -0.33474 -0.33474
-1.25538 -1.25538 -0.328355 -0.328355
-1.31317 -1.31317 -0.321525 -0.321525
-1.36909 -1.36909 -0.314216 -0.314216
-1.42307 -1.42307 -0.306482 -0.306482
-1.47503 -1.47503 -0.298291 -0.298291
-1.52488 -1.52488 -0.289698 -0.289698
-1.57258 -1.57258 -0.280672 -0.280672
-1.61803 -1.61803 -0.271268 -0.271268
-1.66119 -1.66119 -0.261457 -0.261457
-1.70199 -1.70199 -0.251297 -0.251297
-1.74037 -1.74037 -0.240757 -0.240757
-1.77627 -1.77627 -0.229898 -0.229897
-1.80965 -1.80965 -0.218689 -0.218689
-1.84046 -1.84046 -0.207192 -0.207192
-1.86866 -1.86866 -0.195378 -0.195378
-1.8942 -1.8942 -0.183309 -0.183309
-1.91704 -1.91704 -0.170957 -0.170957
-1.93717 -1.93717 -0.158385 -0.158384
-1.95454 -1.95454 -0.145565 -0.145565
-1.96913 -1.96913 -0.13256 -0.13256
-1.98092 -1.98092 -0.119345 -0.119345
-1.9899 -1.9899 -0.105983 -0.105982
-1.99605 -1.99605 -0.0924475 -0.0924474
-1.99937 -1.99937 -0.0788028 -0.0788027
-1.99984 -1.99984 -0.0650244 -0.0650243
-1.99747 -1.99747 -0.0511753 -0.0511752
-1.99227 -1.99227 -0.0372317 -0.0372316
-1.98423 -1.98423 -0.023257 -0.0232569
-1.97337 -1.97337 -0.00922751 -0.00922741
-1.95971 -1.95971 0.00479341 0.00479351
-1.94326 -1.94326 0.0188292 0.0188293
-1.92406 -1.92406 0.0328165 0.0328166
-1.90211 -1.90211 0.0467789 0.046779
-1.87747 -1.87747 0.0606532 0.0606533
-1.85015 -1.85015 0.0744629 0.074463
-1.82021 -1.82021 0.0881451 0.0881452
-1.78768 -1.78768 0.101724 0.101724
-1.75261 -1.75261 0.115136 0.115136
-1.71505 -1.71505 0.128407 0.128407
-1.67506 -1.67506 0.141473 0.141473
-1.63268 -1.63268 0.15436 0.15436
-1.58798 -1.58798 0.167006 0.167006
-1.54103 -1.54103 0.179436 0.179436
-1.49188 -1.49188 0.19159 0.19159
-1.44062 -1.44062 0.203493 0.203493
-1.38731 -1.38731 0.215085 0.215085
-1.33202 -1.33202 0.226393 0.226393
-1.27485 -1.27485 0.237358 0.237358
-1.21586 -1.21586 0.248007 0.248007
-1.15515 -1.15515 0.258282 0.258282
-1.09279 -1.09279 0.268212 0.268212
-1.02888 -1.02888 0.277739 0.277739
-0.963507 -0.963507 0.286893 0.286893
-0.896766 -0.896766 0.295618 0.295618
-0.828751 -0.828751 0.303944 0.303944
-0.759558 -0.759558 0.311816 0.311816
-0.689286 -0.689286 0.319267 0.319267
-0.618034 -0.618034 0.326243 0.326243
-0.545904 -0.545904 0.332777 0.332777
-0.472998 -0.472998 0.338816 0.338816
-0.39942 -0.39942 0.344395 0.344395
-0.325274 -0.325274 0.349464 0.349464
-0.250667 -0.250667 0.354057 0.354057
-0.175702 -0.175702 0.358126 0.358126
-0.100489 -0.100489 0.361707 0.361707
-0.0251322 -0.0251322 0.364753 0.364753
0.0502601 0.0502601 0.367302 0.367302
0.125581 0.125581 0.369307 0.369307
0.200723 0.200723 0.370809 0.370809
0.275581 0.275581 0.371763 0.371763
0.350046 0.350046 0.37221 0.37221
0.424014 0.424014 0.372107 0.372107
0.49738 0.49738 0.371496 0.371496
0.570038 0.570038 0.370336 0.370336
0.641887 0.641887 0.368671 0.368671
0.712824 0.712824 0.36646 0.36646
0.782747 0.782747 0.363751 0.363751
0.851559 0.851559 0.360503 0.360503
0.91916 0.91916 0.356764 0.356764
0.985455 0.985455 0.352497 0.352497
1.05035 1.05035 0.34775 0.34775
1.11375 1.11375 0.342487 0.342487
1.17557 1.17557 0.33676 0.33676
1.23572 1.23572 0.330532 0.330532
1.29411 1.29411 0.323856 0.323856
1.35067 1.35067 0.316699 0.316699
1.4053 1.4053 0.309113 0.309113
1.45794 1.45794 0.301066 0.301066
1.5085 1.5085 0.292612 0.292612
1.55692 1.55692 0.283722 0.283722
1.60313 1.60313 0.27445 0.27445
1.64707 1.64707 0.264766 0.264766
1.68866 1.68866 0.254728 0.254727
1.72785 1.72785 0.244306 0.244306
1.76458 1.76458 0.233558 0.233558
1.79881 1.79881 0.222457 0.222457
1.83048 1.83048 0.211061 0.211061
1.85955 1.85955 0.199344 0.199344
1.88598 1.88598 0.187365 0.187365
1.90973 1.90973 0.175099 0.175099
1.93076 1.93076 0.162605 0.162605
1.94905 1.94905 0.149859 0.149858
1.96457 1.96457 0.13692 0.13692
1.9773 1.9773 0.123767 0.123766
1.98722 1.98722 0.110458 0.110458
1.99432 1.99432 0.0969713 0.0969712
1.99858 1.99858 0.0833679 0.0833678
2 2 0.069625 0.0696249
1.99858 1.99858 0.0558041 0.055804
1.99432 1.99432 0.041883 0.0418829
1.98722 1.98722 0.0279233 0.0279232
1.9773 1.9773 0.013903 0.0139029
1.96457 1.96457 -0.000116108 -0.000116206
1.94905 1.94905 -0.014156 -0.0141561
1.93076 1.93076 -0.0281549 -0.028155
1.90973 1.90973 -0.0421346 -0.0421347
1.88598 1.88598 -0.0560336 -0.0560337
1.85955 1.85955 -0.0698739 -0.069874
1.83048 1.83048 -0.0835939 -0.083594
1.79881 1.79881 -0.0972161 -0.0972162
1.76458 1.76458 -0.110679 -0.110679
1.72785 1.72785 -0.124006 -0.124006
1.68866 1.68866 -0.137136 -0.137136
1.64707 1.64707 -0.150091 -0.150091
1.60313 1.60313 -0.162813 -0.162813
1.55692 1.55692 -0.175324 -0.175324
1.5085 1.5085 -0.187565 -0.187565
1.45794 1.45794 -0.19956 -0.19956
1.4053 1.4053 -0.211251 -0.211251
1.35067 1.35067 -0.222662 -0.222662
1.29411 1.29411 -0.233736 -0.233737
1.23572 1.23572 -0.244499 -0.244499
1.17557 1.17557 -0.254894 -0.254894
1.11375 1.11375 -0.264947 -0.264947
1.05035 1.05035 -0.274603 -0.274603
0.985455 0.985455 -0.28389 -0.28389
0.91916 0.91916 -0.292752 -0.292752
0.851559 0.851559 -0.301219 -0.301219
0.782747 0.782747 -0.309237 -0.309237
0.712824 0.712824 -0.316837 -0.316837
0.641887 0.641887 -0.323965 -0.323965
0.570039 0.570039 -0.330654 -0.330654
0.49738 0.49738 -0.336853 -0.336853
0.424014 0.424014 -0.342593 -0.342593
0.350046 0.350046 -0.347826 -0.347826
0.275581 0.275581 -0.352585 -0.352585
0.200724 0.200723 -0.356822 -0.356822
0.125581 0.125581 -0.360574 -0.360574
0.0502603 0.0502603 -0.363792 -0.363792
-0.025132 -0.025132 -0.366513 -0.366513
-0.100489 -0.100489 -0.368694 -0.368694
-0.175702 -0.175702 -0.370371 -0.370371
-0.250666 -0.250666 -0.371501 -0.371501
-0.325274 -0.325274 -0.372123 -0.372123
-0.39942 -0.39942 -0.372197 -0.372197
-0.472998 -0.472998 -0.371762 -0.371762
-0.545904 -0.545904 -0.370778 -0.370778
-0.618034 -0.618034 -0.369287 -0.369287
-0.689286 -0.689286 -0.367252 -0.367252
-0.759558 -0.759558 -0.364715 -0.364715
-0.828751 -0.828751 -0.361639 -0.361639
-0.896766 -0.896766 -0.35807 -0.35807
-0.963507 -0.963507 -0.353972 -0.353972
-1.02888 -1.02888 -0.349391 -0.349391
-1.09279 -1.09279 -0.344293 -0.344293
-1.15515 -1.15515 -0.338726 -0.338726
-1.21586 -1.21586 -0.332657 -0.332657
-1.27485 -1.27485 -0.326137 -0.326137
-1.33202 -1.33202 -0.319132 -0.319132
-1.38731 -1.38731 -0.311694 -0.311694
-1.44062 -1.44062 -0.303793 -0.303793
-1.49188 -1.49188 -0.29548 -0.29548
-1.54103 -1.54103 -0.286728 -0.286728
-1.58798 -1.58798 -0.277588 -0.277588
-1.63268 -1.63268 -0.268033 -0.268033
-1.67506 -1.67506 -0.258118 -0.258118
-1.71505 -1.71505 -0.247816 -0.247816
-1.75261 -1.75261 -0.237182 -0.237182
-1.78768 -1.78768 -0.22619 -0.22619
-1.82021 -1.82021 -0.214897 -0.214897
-1.85015 -1.85015 -0.203279 -0.203279
-1.87747 -1.87747 -0.191392 -0.191392
-1.90211 -1.90211 -0.179213 -0.179213
-1.92406 -1.92406 -0.166799 -0.166799
-1.94326 -1.94326 -0.154129 -0.154128
-1.95971 -1.95971 -0.141259 -0.141259
-1.97337 -1.97337 -0.128168 -0.128168
-1.98423 -1.98423 -0.114916 -0.114916
-1.99227 -1.99227 -0.10148 -0.10148
-1.99747 -1.99747 -0.0879198 -0.0879197
-1.99984 -1.99984 -0.0742146 -0.0742145
-1.99937 -1.99937 -0.0604242 -0.0604241
-1.99605 -1.99605 -0.0465276 -0.0465275
-1.9899 -1.9899 -0.0325853 -0.0325852
-1.98092 -1.98092 -0.0185763 -0.0185762
-1.96913 -1.96913 -0.00456122 -0.00456112
-1.95454 -1.95454 0.00948062 0.00948072
-1.93717 -1.93717 0.0234887 0.0234888
-1.91704 -1.91704 0.0374837 0.0374838
-1.8942 -1.8942 0.0514052 0.0514053
-1.86866 -1.86866 0.0652738 0.0652739
-1.84046 -1.84046 0.0790295 0.0790296
-1.80965 -1.80965 0.0926931 0.0926932
-1.77627 -1.77627 0.106205 0.106205
-1.74037 -1.74037 0.119586 0.119586
-1.70199 -1.70199 0.132776 0.132777
-1.66119 -1.66119 0.145799 0.145799
-1.61803 -1.61803 0.158594 0.158594
-1.57258 -1.57258 0.171183 0.171184
-1.52489 -1.52489 0.18351 0.18351
-1.47503 -1.47503 0.195595 0.195596
-1.42307 -1.42307 0.207383 0.207383
-1.36909 -1.36909 0.218896 0.218896
-1.31317 -1.31317 0.230078 0.230078
-1.25538 -1.25538 0.240953 0.240953
-1.19581 -1.19581 0.251465 0.251465
-1.13454 -1.13454 0.261641 0.261641
-1.07165 -1.07165 0.271424 0.271424
-1.00725 -1.00725 0.280842 0.280842
-0.941408 -0.941408 0.28984 0.28984
-0.874232 -0.874232 0.298447 0.298447
-0.805813 -0.805813 0.306609 0.30661
-0.736249 -0.736249 0.314356 0.314356
-0.665639 -0.665639 0.321637 0.321637
-0.594083 -0.594083 0.32848 0.32848
-0.521683 -0.521683 0.334836 0.334836
-0.448542 -0.448542 0.340737 0.340737
-0.374763 -0.374763 0.346133 0.346133
-0.300451 -0.300451 0.351057 0.351057
-0.225713 -0.225713 0.355463 0.355463
-0.150654 -0.150654 0.359383 0.359383
-0.0753805 -0.0753805 0.362773 0.362773
-8.61536e-08 -8.63382e-08 0.365667 0.365667
0.0753803 0.0753803 0.368022 0.368022
0.150654 0.150654 0.369873 0.369873
0.225713 0.225713 0.371179 0.371179
0.300451 0.300451 0.371978 0.371978
0.374763 0.374763 0.372228 0.372228
0.448541 0.448541 0.371969 0.371969
0.521683 0.521683 0.371161 0.371161
0.594083 0.594083 0.369846 0.369846
0.665639 0.665639 0.367985 0.367985
0.736249 0.736249 0.365622 0.365622
0.805813 0.805813 0.362718 0.362718
0.874231 0.874231 0.35932 0.35932
0.941408 0.941408 0.355391 0.355391
1.00725 1.00725 0.350976 0.350976
1.07165 1.07165 0.346043 0.346043
1.13454 1.13454 0.340639 0.340639
1.19581 1.19581 0.33473 0.33473
1.25538 1.25538 0.328365 0.328365
1.31317 1.31317 0.321514 0.321514
1.36909 1.36909 0.314226 0.314226
1.42307 1.42307 0.306472 0.306472
1.47503 1.47503 0.298302 0.298302
1.52488 1.52488 0.289688 0.289688
1.57258 1.57258 0.280682 0.280682
1.61803 1.61803 0.271258 0.271258
1.66119 1.66119 0.261468 0.261468
1.70199 1.70199 0.251286 0.251286
1.74037 1.74037 0.240768 0.240768
1.77627 1.77627 0.229887 0.229887
1.80965 1.80965 0.2187 0.2187
1.84046 1.84046 0.207182 0.207181
1.86866 1.86866 0.195389 0.195389
1.8942 1.8942 0.183299 0.183299
1.91704 1.91704 0.170968 0.170968
1.93717 1.93717 0.158374 0.158374
1.95454 1.95454 0.145575 0.145575
1.96913 1.96913 0.13255 0.13255
1.98092 1.98092 0.119356 0.119356
1.9899 1.9899 0.105972 0.105972
1.99605 1.99605 0.0924579 0.0924578
1.99937 1.99937 0.0787924 0.0787924
1.99984 1.99984 0.0650347 0.0650346
1.99747 1.99747 0.0511649 0.0511648
1.99227 1.99227 0.0372421 0.037242
1.98423 1.98423 0.0232467 0.0232466
1.97337 1.97337 0.00923784 0.00923774
1.95971 1.95971 -0.00480373 -0.00480383
1.94326 1.94326 -0.0188189 -0.018819
1.92406 1.92406 -0.0328269 -0.032827
1.90211 1.90211 -0.0467686 -0.0467687
1.87747 1.87747 -0.0606635 -0.0606636
1.85015 1.85015 -0.0744526 -0.0744527
1.82021 1.82021 -0.0881554 -0.0881555
1.78768 1.78768 -0.101713 -0.101714
1.75261 1.75261 -0.115146 -0.115147
1.71505 1.71505 -0.128396 -0.128396
1.67506 1.67506 -0.141483 -0.141483
1.63268 1.63268 -0.15435 -0.15435
1.58798 1.58798 -0.167016 -0.167016
1.54103 1.54103 -0.179426 -0.179426
1.49188 1.49188 -0.1916 -0.1916
1.44062 1.44062 -0.203483 -0.203483
1.38731 1.38731 -0.215095 -0.215095
1.33202 1.33202 -0.226383 -0.226383
1.27485 1.27485 -0.237368 -0.237368
1.21586 1.21586 -0.247997 -0.247997
1.15515 1.15515 -0.258293 -0.258293
1.09279 1.09279 -0.268202 -0.268202
1.02888 1.02888 -0.277749 -0.277749
0.963507 0.963507 -0.286883 -0.286883
0.896767 0.896767 -0.295628 -0.295628
0.828751 0.828751 -0.303933 -0.303933
0.759558 0.759558 -0.311826 -0.311826
0.689286 0.689286 -0.319257 -0.319257
0.618034 0.618034 -0.326253 -0.326253
0.545904 0.545904 -0.332766 -0.332767
0.472998 0.472998 -0.338826 -0.338826
0.39942 0.39942 -0.344385 -0.344385
0.325274 0.325274 -0.349474 -0.349474
0.250667 0.250667 -0.354047 -0.354047
0.175702 0.175702 -0.358136 -0.358136
0.100489 0.100489 -0.361697 -0.361697
0.0251322 0.0251322 -0.364763 -0.364763
-0.0502601 -0.0502601 -0.367292 -0.367292
-0.125581 -0.125581 -0.369317 -0.369317
-0.200723 -0.200723 -0.370799 -0.370799
-0.27558 -0.27558 -0.371773 -0.371773
-0.350046 -0.350046 -0.3722 -0.3722
-0.424014 -0.424014 -0.372117 -0.372117
-0.49738 -0.49738 -0.371486 -0.371486
-0.570038 -0.570038 -0.370346 -0.370346
-0.641887 -0.641887 -0.36866 -0.36866
-0.712824 -0.712824 -0.366471 -0.366471
-0.782747 -0.782747 -0.363741 -0.36374
-0.851558 -0.851559 -0.360513 -0.360513
-0.91916 -0.91916 -0.356754 -0.356754
-0.985455 -0.985455 -0.352507 -0.352507
-1.05035 -1.05035 -0.34774 -0.34774
-1.11375 -1.11375 -0.342498 -0.342498
-1.17557 -1.17557 -0.33675 -0.33675
-1.23572 -1.23572 -0.330542 -0.330542
-1.29411 -1.29411 -0.323846 -0.323846
-1.35067 -1.35067 -0.316709 -0.316709
-1.4053 -1.4053 -0.309102 -0.309102
-1.45794 -1.45794 -0.301076 -0.301076
-1.5085 -1.5085 -0.292602 -0.292602
-1.55692 -1.55692 -0.283732 -0.283732
-1.60313 -1.60313 -0.27444 -0.27444
-1.64707 -1.64707 -0.264776 -0.264776
-1.68866 -1.68866 -0.254718 -0.254717
-1.72785 -1.72785 -0.244316 -0.244316
-1.76458 -1.76458 -0.233548 -0.233548
-1.79881 -1.79881 -0.222467 -0.222467
-1.83048 -1.83048 -0.211051 -0.211051
-1.85955 -1.85955 -0.199355 -0.199354
-1.88598 -1.88598 -0.187355 -0.187355
-1.90973 -1.90973 -0.175109 -0.175109
-1.93076 -1.93076 -0.162595 -0.162595
-1.94905 -1.94905 -0.149869 -0.149869
-1.96457 -1.96457 -0.13691 -0.13691
-1.9773 -1.9773 -0.123777 -0.123777
-1.98722 -1.98722 -0.110448 -0.110448
-1.99432 -1.99432 -0.0969813 -0.0969812
-1.99858 -1.99858 -0.0833579 -0.0833578
-2 -2 -0.069635 -0.0696349
-1.99858 -1.99858 -0.0557941 -0.055794
-1.99432 -1.99432 -0.041893 -0.0418929
-1.98722 -1.98722 -0.0279133 -0.0279132
-1.9773 -1.9773 -0.013913 -0.0139129
-1.96457 -1.96457 0.000126095 0.000126193
-1.94905 -1.94905 0.014146 0.0141461
-1.93076 -1.93076 0.0281648 0.0281649
-1.90973 -1.90973 0.0421247 0.0421248
-1.88598 -1.88598 0.0560436 0.0560437
-1.85955 -1.85955 0.0698639 0.069864
-1.83048 -1.83048 0.0836039 0.083604
-1.79881 -1.79881 0.0972061 0.0972062
-1.76458 -1.76458 0.110689 0.110689
-1.72785 -1.72785 0.123996 0.123996
-1.68866 -1.68866 0.137146 0.137146
-1.64707 -1.64707 0.150081 0.150081
-1.60313 -1.60313 0.162823 0.162823
-1.55692 -1.55692 0.175314 0.175314
-1.5085 -1.5085 0.187575 0.187575
-1.45794 -1.45794 0.19955 0.19955
-1.4053 -1.4053 0.211261 0.211261
-1.35067 -1.35067 0.222652 0.222652
-1.29411 -1.29411 0.233746 0.233746
-1.23572 -1.23572 0.244489 0.24449
-1.17557 -1.17557 0.254904 0.254904
-1.11375 -1.11375 0.264937 0.264937
-1.05035 -1.05035 0.274613 0.274613
-0.985455 -0.985455 0.28388 0.28388
-0.91916 -0.91916 0.292762 0.292762
-0.851559 -0.851559 0.301209 0.301209
-0.782747 -0.782747 0.309247 0.309247
-0.712824 -0.712824 0.316827 0.316827
-0.641887 -0.641887 0.323975 0.323975
-0.570039 -0.570039 0.330644 0.330644
-0.49738 -0.49738 0.336862 0.336863
-0.424014 -0.424014 0.342583 0.342583
-0.350046 -0.350046 0.347836 0.347836
-0.275581 -0.275581 0.352575 0.352575
-0.200724 -0.200724 0.356832 0.356832
-0.125581 -0.125581 0.360564 0.360564
-0.0502603 -0.0502603 0.363801 0.363801
0.025132 0.025132 0.366503 0.366504
0.100489 0.100489 0.368703 0.368703
0.175702 0.175702 0.370361 0.370361
0.250666 0.250666 0.37151 0.37151
0.325274 0.325274 0.372113 0.372113
0.39942 0.39942 0.372206 0.372206
0.472998 0.472998 0.371752 0.371752
0.545904 0.545904 0.370787 0.370787
0.618034 0.618034 0.369278 0.369278
0.689286 0.689286 0.367262 0.367262
0.759558 0.759558 0.364705 0.364705
0.828751 0.828751 0.361649 0.361649
0.896766 0.896766 0.35806 0.35806
0.963507 0.963507 0.353981 0.353981
1.02888 1.02888 0.349381 0.349381
1.09279 1.09279 0.344302 0.344302
1.15515 1.15515 0.338716 0.338716
1.21586 1.21586 0.332667 0.332667
1.27485 1.27485 0.326127 0.326127
1.33202 1.33202 0.319142 0.319142
1.38731 1.38731 0.311684 0.311684
1.44062 1.44062 0.303803 0.303803
1.49188 1.49188 0.295471 0.295471
1.54103 1.54103 0.286737 0.286737
1.58798 1.58798 0.277578 0.277578
1.63268 1.63268 0.268043 0.268043
1.67506 1.67506 0.258108 0.258108
1.71505 1.71505 0.247825 0.247825
1.75261 1.75261 0.237172 0.237172
1.78768 1.78768 0.2262 0.2262
1.82021 1.82021 0.214888 0.214888
1.85015 1.85015 0.203289 0.203289
1.87747 1.87747 0.191382 0.191382
1.90211 1.90211 0.179223 0.179223
1.92406 1.92406 0.16679 0.16679
1.94326 1.94326 0.154138 0.154138
1.95971 1.95971 0.141249 0.141249
1.97337 1.97337 0.128178 0.128178
1.98423 1.98423 0.114906 0.114906
1.99227 1.99227 0.101489 0.101489
1.99747 1.99747 0.0879101 0.08791
1.99984 1.99984 0.0742243 0.0742242
1.99937 1.99937 0.0604145 0.0604144
1.99605 1.99605 0.0465373 0.0465372
1.9899 1.9899 0.0325756 0.0325755
1.98092 1.98092 0.018586 0.0185859
1.96913 1.96913 0.00455156 0.00455146
1.95454 1.95454 -0.00947095 -0.00947105
1.93717 1.93717 -0.0234984 -0.0234985
1.91704 1.91704 -0.037474 -0.0374741
1.8942 1.8942 -0.0514148 -0.0514149
1.86866 1.86866 -0.0652642 -0.0652643
1.84046 1.84046 -0.0790391 -0.0790392
1.80965 1.80965 -0.0926834 -0.0926835
1.77627 1.77627 -0.106214 -0.106214
1.74037 1.74037 -0.119576 -0.119576
1.70199 1.70199 -0.132786 -0.132786
1.66119 1.66119 -0.145789 -0.145789
1.61803 1.61803 -0.158603 -0.158603
1.57258 1.57258 -0.171174 -0.171174
1.52489 1.52489 -0.183519 -0.183519
1.47503 1.47503 -0.195586 -0.195586
1.42307 1.42307 -0.207393 -0.207393
1.36909 1.36909 -0.218886 -0.218887
1.31317 1.31317 -0.230087 -0.230088
1.25538 1.25538 -0.240943 -0.240943
1.19581 1.19581 -0.251475 -0.251475
1.13454 1.13454 -0.261631 -0.261631
1.07165 1.07165 -0.271434 -0.271434
1.00725 1.00725 -0.280832 -0.280832
0.941408 0.941408 -0.28985 -0.28985
0.874232 0.874232 -0.298437 -0.298437
0.805813 0.805813 -0.306619 -0.306619
0.736249 0.736249 -0.314347 -0.314347
0.665639 0.665639 -0.321646 -0.321646
0.594083 0.594083 -0.32847 -0.32847
0.521683 0.521683 -0.334846 -0.334846
0.448542 0.448542 -0.340727 -0.340727
0.374763 0.374763 -0.346142 -0.346142
0.300451 0.300451 -0.351048 -0.351048
0.225713 0.225713 -0.355472 -0.355472
0.150654 0.150654 -0.359374 -0.359374
0.0753805 0.0753805 -0.362782 -0.362782
1.07692e-07 9.93523e-08 -0.365658 -0.365658
-0.0753803 -0.0753803 -0.368031 -0.368031
-0.150654 -0.150654 -0.369864 -0.369864
-0.225713 -0.225713 -0.371189 -0.371189
-0.300451 -0.300451 -0.371968 -0.371968
-0.374763 -0.374763 -0.372237 -0.372237
-0.448541 -0.448541 -0.371959 -0.371959
-0.521683 -0.521683 -0.37117 -0.37117
-0.594083 -0.594083 -0.369836 -0.369836
-0.665639 -0.665639 -0.367995 -0.367995
-0.736249 -0.736249 -0.365612 -0.365612
-0.805813 -0.805813 -0.362728 -0.362728
-0.874231 -0.874231 -0.35931 -0.35931
-0.941408 -0.941408 -0.3554 -0.3554
-1.00725 -1.00725 -0.350967 -0.350967
-1.07165 -1.07165 -0.346053 -0.346053
-1.13454 -1.13454 -0.340629 -0.340629
-1.19581 -1.19581 -0.334739 -0.334739
-1.25538 -1.25538 -0.328356 -0.328356
-1.31317 -1.31317 -0.321524 -0.321524
-1.36909 -1.36909 -0.314217 -0.314217
-1.42307 -1.42307 -0.306481 -0.306481
-1.47503 -1.47503 -0.298292 -0.298292
-1.52488 -1.52488 -0.289697 -0.289697
-1.57258 -1.57258 -0.280673 -0.280673
-1.61803 -1.61803 -0.271267 -0.271267
-1.66119 -1.66119 -0.261458 -0.261458
-1.70199 -1.70199 -0.251296 -0.251296
-1.74037 -1.74037 -0.240758 -0.240758
-1.77627 -1.77627 -0.229897 -0.229896
-1.80965 -1.80965 -0.21869 -0.21869
-1.84046 -1.84046 -0.207191 -0.207191
-1.86866 -1.86866 -0.195379 -0.195379
-1.8942 -1.8942 -0.183308 -0.183308
-1.91704 -1.91704 -0.170958 -0.170958
-1.93717 -1.93717 -0.158384 -0.158384
-1.95454 -1.95454 -0.145566 -0.145566
-1.96913 -1.96913 -0.132559 -0.132559
-1.98092 -1.98092 -0.119346 -0.119346
-1.9899 -1.9899 -0.105982 -0.105982
-1.99605 -1.99605 -0.0924485 -0.0924484
-1.99937 -1.99937 -0.0788018 -0.0788017
-1.99984 -1.99984 -0.0650254 -0.0650253
-1.99747 -1.99747 -0.0511743 -0.0511742
-1.99227 -1.99227 -0.0372327 -0.0372326
-1.98423 -1.98423 -0.023256 -0.0232559
-1.97337 -1.97337 -0.00922849 -0.00922839
-1.95971 -1.95971 0.00479438 0.00479448
-1.94326 -1.94326 0.0188282 0.0188283
-1.92406 -1.92406 0.0328175 0.0328176
-1.90211 -1.90211 0.0467779 0.046778
-1.87747 -1.87747 0.0606541 0.0606542
-1.85015 -1.85015 0.0744619 0.074462
-1.82021 -1.82021 0.0881461 0.0881462
-1.78768 -1.78768 0.101723 0.101723
-1.75261 -1.75261 0.115137 0.115137
-1.71505 -1.71505 0.128406 0.128406
-1.67506 -1.67506 0.141474 0.141474
-1.63268 -1.63268 0.154359 0.154359
-1.58798 -1.58798 0.167007 0.167007
-1.54103 -1.54103 0.179435 0.179435
-1.49188 -1.49188 0.191591 0.191591
-1.44062 -1.44062 0.203492 0.203492
-1.38731 -1.38731 0.215086 0.215086
-1.33202 -1.33202 0.226392 0.226392
-1.27485 -1.27485 0.237359 0.237359
-1.21586 -1.21586 0.248006 0.248006
-1.15515 -1.15515 0.258283 0.258283
-1.09279 -1.09279 0.268211 0.268211
-1.02888 -1.02888 0.27774 0.27774
-0.963507 -0.963507 0.286892 0.286892
-0.896767 -0.896767 0.295618 0.295619
-0.828751 -0.828751 0.303943 0.303943
-0.759558 -0.759558 0.311817 0.311817
-0.689286 -0.689286 0.319266 0.319266
-0.618034 -0.618034 0.326244 0.326244
-0.545904 -0.545904 0.332776 0.332776
-0.472998 -0.472998 0.338817 0.338817
-0.39942 -0.39942 0.344394 0.344394
-0.325274 -0.325274 0.349465 0.349465
-0.250667 -0.250667 0.354056 0.354056
-0.175703 -0.175703 0.358127 0.358127
-0.100489 -0.100489 0.361706 0.361706
-0.0251322 -0.0251322 0.364754 0.364754
0.0502601 0.0502601 0.367301 0.367301
0.125581 0.125581 0.369308 0.369308
0.200723 0.200723 0.370808 0.370808
0.27558 0.27558 0.371764 0.371764
0.350046 0.350046 0.372209 0.372209
0.424014 0.424014 0.372108 0.372108
0.49738 0.49738 0.371495 0.371495
0.570038 0.570038 0.370337 0.370337
0.641887 0.641887 0.36867 0.36867
0.712824 0.712824 0.366461 0.366461
0.782747 0.782747 0.36375 0.36375
0.851558 0.851558 0.360504 0.360504
0.91916 0.91916 0.356763 0.356763
0.985455 0.985455 0.352498 0.352498
1.05035 1.05035 0.347749 0.347749
1.11375 1.11375 0.342488 0.342488
1.17557 1.17557 0.336759 0.336759
1.23572 1.23572 0.330533 0.330533
1.29411 1.29411 0.323855 0.323855
1.35067 1.35067 0.3167 0.3167
1.4053 1.4053 0.309112 0.309112
1.45794 1.45794 0.301067 0.301067
1.5085 1.5085 0.292612 0.292611
1.55692 1.55692 0.283723 0.283723
1.60313 1.60313 0.274449 0.274449
1.64707 1.64707 0.264767 0.264767
1.68866 1.68866 0.254727 0.254727
1.72785 1.72785 0.244307 0.244307
1.76458 1.76458 0.233557 0.233557
1.79881 1.79881 0.222458 0.222458
1.83048 1.83048 0.21106 0.21106
1.85955 1.85955 0.199345 0.199345
1.88598 1.88598 0.187364 0.187364
1.90973 1.90973 0.1751 0.1751
1.93076 1.93076 0.162604 0.162604
1.94905 1.94905 0.14986 0.149859
1.96457 1.96457 0.136919 0.136919
1.9773 1.9773 0.123768 0.123767
1.98722 1.98722 0.110457 0.110457
1.99432 1.99432 0.0969723 0.0969722
1.99858 1.99858 0.0833669 0.0833669
2 2 0.0696259 0.0696258
1.99858 1.99858 0.0558032 0.0558031
1.99432 1.99432 0.041884 0.0418839
1.98722 1.98722 0.0279224 0.0279223
1.9773 1.9773 0.013904 0.0139039
1.96457 1.96457 -0.000117041 -0.00011714
1.94905 1.94905 -0.0141551 -0.0141552
1.93076 1.93076 -0.0281558 -0.0281559
1.90973 1.90973 -0.0421337 -0.0421338
1.88598 1.88598 -0.0560345 -0.0560346
1.85955 1.85955 -0.0698729 -0.069873
1.83048 1.83048 -0.0835948 -0.0835949
1.79881 1.79881 -0.0972151 -0.0972152
1.76458 1.76458 -0.11068 -0.11068
1.72785 1.72785 -0.124005 -0.124005
1.68866 1.68866 -0.137136 -0.137137
1.64707 1.64707 -0.15009 -0.15009
1.60313 1.60313 -0.162814 -0.162814
1.55692 1.55692 -0.175323 -0.175323
1.5085 1.5085 -0.187566 -0.187566
1.45794 1.45794 -0.199559 -0.199559
1.4053 1.4053 -0.211252 -0.211252
1.35067 1.35067 -0.222661 -0.222661
1.29411 1.29411 -0.233737 -0.233737
1.23572 1.23572 -0.244498 -0.244498
1.17557 1.17557 -0.254895 -0.254895
1.11375 1.11375 -0.264946 -0.264946
1.05035 1.05035 -0.274604 -0.274604
0.985455 0.985455 -0.283889 -0.283889
0.91916 0.91916 -0.292753 -0.292753
0.851559 0.851559 -0.301218 -0.301218
0.782747 0.782747 -0.309238 -0.309238
0.712824 0.712824 -0.316836 -0.316836
0.641887 0.641887 -0.323966 -0.323966
0.570039 0.570039 -0.330653 -0.330653
0.49738 0.49738 -0.336854 -0.336854
0.424014 0.424014 -0.342592 -0.342592
0.350046 0.350046 -0.347827 -0.347827
0.275581 0.275581 -0.352584 -0.352584
0.200724 0.200724 -0.356823 -0.356823
0.125581 0.125581 -0.360573 -0.360573
0.0502603 0.0502603 -0.363793 -0.363793
-0.025132 -0.025132 -0.366512 -0.366512
-0.100489 -0.100489 -0.368695 -0.368695
-0.175702 -0.175702 -0.37037 -0.37037
-0.250666 -0.250666 -0.371501 -0.371501
-0.325274 -0.325274 -0.372122 -0.372122
-0.39942 -0.39942 -0.372197 -0.372197
-0.472998 -0.472998 -0.371761 -0.371761
-0.545904 -0.545904 -0.370779 -0.370779
-0.618034 -0.618034 -0.369286 -0.369286
-0.689286 -0.689286 -0.367253 -0.367253
-0.759558 -0.759558 -0.364714 -0.364714
-0.828751 -0.828751 -0.36164 -0.36164
-0.896766 -0.896766 -0.358069 -0.358069
-0.963507 -0.963507 -0.353973 -0.353972
-1.02888 -1.02888 -0.34939 -0.34939
-1.09279 -1.09279 -0.344294 -0.344294
-1.15515 -1.15515 -0.338725 -0.338725
-1.21586 -1.21586 -0.332658 -0.332658
-1.27485 -1.27485 -0.326136 -0.326136
-1.33202 -1.33202 -0.319133 -0.319133
-1.38731 -1.38731 -0.311693 -0.311693
-1.44062 -1.44062 -0.303794 -0.303794
-1.49188 -1.49188 -0.29548 -0.295479
-1.54103 -1.54103 -0.286729 -0.286729
-1.58798 -1.58798 -0.277587 -0.277587
-1.63268 -1.63268 -0.268034 -0.268034
-1.67506 -1.67506 -0.258117 -0.258117
-1.71505 -1.71505 -0.247817 -0.247817
-1.75261 -1.75261 -0.237181 -0.237181
-1.78768 -1.78768 -0.226191 -0.226191
-1.82021 -1.82021 -0.214897 -0.214896
-1.85015 -1.85015 -0.20328 -0.20328
-1.87747 -1.87747 -0.191391 -0.191391
-1.90211 -1.90211 -0.179214 -0.179214
-1.92406 -1.92406 -0.166799 -0.166798
-1.94326 -1.94326 -0.154129 -0.154129
-1.95971 -1.95971 -0.141258 -0.141258
-1.97337 -1.97337 -0.128169 -0.128169
-1.98423 -1.98423 -0.114915 -0.114915
-1.99227 -1.99227 -0.101481 -0.101481
-1.99747 -1.99747 -0.0879189 -0.0879188
-1.99984 -1.99984 -0.0742155 -0.0742154
-1.99937 -1.99937 -0.0604233 -0.0604232
-1.99605 -1.99605 -0.0465286 -0.0465285
-1.9899 -1.9899 -0.0325844 -0.0325843
-1.98092 -1.98092 -0.0185772 -0.0185771
-1.96913 -1.96913 -0.00456032 -0.00456022
-1.95454 -1.95454 0.0094797 0.0094798
-1.93717 -1.93717 0.0234896 0.0234897
-1.91704 -1.91704 0.0374828 0.0374829
-1.8942 -1.8942 0.0514061 0.0514062
-1.86866 -1.86866 0.0652729 0.065273
-1.84046 -1.84046 0.0790304 0.0790305
-1.80965 -1.80965 0.0926922 0.0926923
-1.77627 -1.77627 0.106206 0.106206
-1.74037 -1.74037 0.119585 0.119585
-1.70199 -1.70199 0.132777 0.132777
-1.66119 -1.66119 0.145798 0.145798
-1.61803 -1.61803 0.158595 0.158595
-1.57258 -1.57258 0.171183 0.171183
-1.52489 -1.52489 0.183511 0.183511
-1.47503 -1.47503 0.195595 0.195595
-1.42307 -1.42307 0.207384 0.207384
-1.36909 -1.36909 0.218895 0.218895
-1.31317 -1.31317 0.230079 0.230079
-1.25538 -1.25538 0.240952 0.240952
-1.19581 -1.19581 0.251466 0.251466
-1.13454 -1.13454 0.26164 0.26164
-1.07165 -1.07165 0.271425 0.271425
-1.00725 -1.00725 0.280841 0.280841
-0.941408 -0.941408 0.289841 0.289841
-0.874232 -0.874232 0.298446 0.298446
-0.805813 -0.805813 0.30661 0.30661
-0.736249 -0.736249 0.314356 0.314356
-0.665639 -0.665639 0.321637 0.321637
-0.594083 -0.594083 0.328479 0.328479
-0.521683 -0.521683 0.334837 0.334837
-0.448542 -0.448542 0.340736 0.340736
-0.374763 -0.374763 0.346134 0.346134
-0.300451 -0.300451 0.351056 0.351056
-0.225713 -0.225713 0.355464 0.355464
-0.150654 -0.150654 0.359382 0.359382
-0.0753805 -0.0753805 0.362774 0.362774
-1.29233e-07 -1.29356e-07 0.365666 0.365666
